1 3 4
1 5 10
1 27 7
1 74 8
1 164 5
1 209 6
1 220 4
1 423 10
1 723 10
1 934 10
1 215 1
1 529 1
1 820 3
2 11 5
2 68 6
2 226 2
2 986 2
2 642 7
2 781 2
3 4 10
3 37 4
3 73 10
3 143 3
3 278 5
3 328 7
3 460 2
3 215 4
3 251 2
3 776 4
4 10 3
4 19 2
4 509 7
4 675 6
4 406 10
4 438 10
4 916 7
4 762 7
4 555 7
5 6 9
5 61 7
5 345 5
5 560 1
5 671 5
5 815 7
5 247 1
5 304 7
6 7 8
6 13 9
6 38 1
6 117 3
6 142 2
6 268 4
6 396 2
6 638 1
6 375 4
6 436 7
6 607 2
7 8 6
7 30 4
7 71 8
7 196 1
7 79 10
7 952 8
7 987 4
7 708 5
8 81 6
8 138 10
8 150 5
8 326 4
8 516 3
8 883 2
8 896 1
8 430 1
8 969 9
8 743 2
8 565 8
9 12 2
9 139 2
9 397 5
9 374 6
9 650 5
9 507 5
10 20 2
10 112 8
10 154 5
10 293 1
10 155 5
10 409 4
10 334 9
10 369 10
11 26 10
11 198 2
11 348 1
11 720 6
11 834 4
11 484 1
11 815 3
12 14 3
12 36 1
12 46 3
12 86 7
12 145 8
12 211 7
12 361 4
12 894 2
12 792 5
12 418 6
13 16 8
13 17 6
13 39 5
13 103 1
13 158 2
13 798 10
13 308 2
14 15 2
14 24 8
14 41 1
14 274 9
14 983 5
14 158 9
15 21 1
15 51 10
15 52 3
15 77 3
15 805 3
15 136 4
15 732 3
15 697 3
15 424 3
15 674 6
15 841 2
16 18 10
16 31 6
16 50 4
16 706 2
17 43 8
17 405 5
17 454 5
17 177 7
18 25 1
18 90 7
18 302 8
18 678 3
18 259 8
18 55 9
19 176 9
19 688 10
20 40 8
20 123 7
20 137 8
20 140 2
20 146 1
20 214 10
20 236 3
20 388 6
20 158 8
20 200 10
21 22 1
21 23 9
21 122 5
21 186 8
21 387 10
21 614 9
21 974 5
21 945 7
21 158 7
21 168 6
22 32 6
22 223 8
22 441 2
22 512 5
22 338 6
23 45 3
23 49 1
23 360 6
23 400 3
23 623 1
23 582 6
23 609 10
23 795 9
24 181 7
24 279 9
24 364 2
24 572 1
24 787 3
24 150 7
24 899 6
24 604 7
24 235 10
25 33 4
25 120 8
25 420 7
25 565 7
25 902 3
25 568 7
25 264 5
25 56 8
26 84 4
26 757 6
26 673 9
27 29 6
27 91 10
27 160 4
27 177 3
27 197 10
27 343 8
27 796 1
27 453 8
27 620 5
27 258 3
27 181 6
28 34 1
28 96 4
28 874 8
28 477 6
28 294 8
28 324 10
29 178 7
29 221 4
29 316 4
29 980 5
29 444 3
29 790 6
29 619 9
29 62 5
29 576 6
29 932 8
30 63 10
30 161 2
30 500 10
30 689 9
30 772 2
30 268 3
30 704 4
30 561 6
31 35 9
31 67 10
31 267 4
31 329 2
31 469 8
31 471 6
31 283 10
31 669 5
31 94 8
31 848 4
32 42 6
32 64 7
32 249 1
32 521 9
32 889 7
32 279 8
32 175 6
32 836 4
32 758 10
32 491 5
32 139 1
33 47 7
33 167 3
33 281 6
33 407 5
33 820 4
33 434 2
33 606 9
33 208 10
33 991 5
34 101 2
34 580 3
34 903 8
34 236 8
34 174 4
35 65 10
35 105 2
35 127 10
35 231 9
35 433 4
35 351 5
35 62 10
35 255 4
36 104 3
36 190 3
36 803 3
36 902 5
37 57 6
37 579 2
37 970 10
37 273 2
38 58 5
38 115 9
38 619 6
38 795 3
38 62 8
38 771 8
38 919 3
39 79 7
39 148 2
39 169 5
39 876 4
39 374 9
39 612 6
40 48 6
40 195 9
40 794 6
40 684 5
40 995 7
40 867 3
40 605 10
40 678 5
40 984 7
41 157 1
41 207 4
41 371 2
41 987 1
41 772 1
41 680 5
41 860 2
41 381 8
42 85 6
42 674 1
42 127 4
42 935 9
43 124 9
43 592 1
43 970 3
43 628 7
43 670 2
43 912 6
43 977 6
44 72 6
44 396 2
44 772 8
44 365 8
44 621 4
44 170 8
45 828 6
45 689 9
45 572 5
45 136 8
46 53 10
46 98 7
46 174 7
46 671 9
46 813 10
46 832 10
46 369 7
46 130 9
46 901 7
47 54 8
47 69 1
47 89 7
47 481 6
47 758 2
47 885 2
47 512 1
48 56 3
48 66 1
48 78 8
48 88 10
48 182 1
48 44 10
48 288 5
48 24 7
48 966 6
49 381 9
49 571 3
49 814 10
49 510 9
49 966 5
50 62 4
50 399 4
50 585 6
50 782 4
50 817 6
50 609 1
50 90 4
50 831 5
51 59 5
51 336 2
51 971 1
51 306 8
51 11 9
51 668 6
52 70 4
52 163 7
52 853 6
52 72 3
52 69 1
52 814 7
53 92 10
53 102 7
53 128 6
53 465 5
53 670 4
53 93 7
53 607 3
53 30 9
53 696 10
54 55 9
54 175 3
54 210 6
54 253 9
54 464 6
54 478 3
54 302 4
55 144 8
55 421 10
55 830 10
55 376 2
55 499 4
55 655 9
56 60 1
56 107 5
56 228 1
56 894 4
56 170 1
56 678 9
56 994 4
57 75 7
57 94 7
57 137 4
57 347 7
57 146 3
57 132 9
57 900 3
58 114 10
58 50 4
58 691 1
58 924 10
58 179 5
58 773 3
59 82 8
59 93 7
59 538 9
59 341 3
59 175 5
59 472 3
59 892 6
59 823 1
59 67 8
60 80 1
60 125 3
60 312 4
60 986 3
60 321 5
60 601 8
60 824 7
61 76 4
61 111 3
61 296 6
61 228 2
61 313 1
61 769 10
61 374 6
61 713 7
62 323 4
62 692 5
63 108 3
63 880 7
63 921 3
63 370 10
63 925 8
63 914 8
63 930 5
63 773 7
63 584 9
64 97 2
64 166 4
64 538 3
64 34 4
64 876 5
64 914 1
65 645 2
65 979 8
65 577 5
65 252 4
65 342 6
65 965 5
66 99 3
66 113 6
66 135 8
66 559 6
66 599 3
66 131 3
66 925 2
66 297 5
67 467 6
67 45 5
67 175 5
67 861 8
67 580 2
67 321 10
68 154 9
68 728 4
68 870 8
68 898 9
68 151 7
68 639 5
68 699 5
68 249 3
69 110 8
69 584 4
69 663 3
69 64 1
70 165 6
70 630 4
70 36 1
70 19 1
70 205 2
71 126 6
71 832 9
71 723 8
72 821 4
72 837 10
72 913 8
72 149 10
72 813 5
73 301 8
73 390 5
73 671 6
73 501 5
73 935 5
73 50 6
73 515 6
73 47 9
73 308 5
74 321 6
74 359 4
74 307 10
74 736 9
75 83 6
75 238 10
75 287 1
75 763 2
75 853 4
75 914 1
75 106 6
75 286 4
75 804 5
76 199 3
76 203 6
76 705 5
76 858 5
76 903 7
76 973 6
76 34 2
77 100 2
77 109 9
77 132 10
77 247 10
77 280 1
77 598 10
77 49 9
78 282 10
78 925 5
78 868 9
79 119 6
79 787 1
79 801 9
79 950 1
80 87 8
80 153 3
80 248 9
80 257 8
80 271 8
80 810 2
80 306 8
80 716 8
80 109 7
81 754 2
81 543 10
81 264 6
81 487 6
81 826 4
81 939 5
81 913 6
81 792 8
81 589 3
81 725 2
82 615 3
82 667 3
82 969 10
82 213 9
82 954 9
82 719 5
82 199 10
82 826 10
83 252 8
83 317 6
83 342 3
83 583 5
83 552 3
83 231 9
83 858 3
83 250 4
83 953 9
84 95 1
84 877 5
84 6 4
84 368 3
84 427 9
86 212 10
86 455 5
86 82 8
86 272 1
86 604 9
86 50 8
86 544 3
86 625 2
87 370 9
87 538 8
87 776 2
87 713 7
88 303 2
88 358 6
88 501 4
88 634 10
88 696 1
88 203 2
88 450 4
88 843 6
89 332 9
89 261 2
89 953 6
89 243 7
90 369 1
90 981 2
91 170 10
91 187 9
91 670 1
91 673 7
91 680 8
91 88 7
91 5 7
91 259 9
91 474 2
91 408 9
91 242 5
91 215 4
91 989 4
92 152 3
92 578 8
92 799 9
92 873 8
92 491 2
92 611 10
92 81 6
92 969 9
92 332 5
93 149 6
93 185 6
93 189 10
93 320 3
93 470 2
93 207 2
93 909 8
93 528 3
93 543 2
93 779 9
94 129 7
94 389 10
94 987 3
94 537 10
94 726 10
95 390 6
95 55 1
95 712 9
95 83 2
95 629 1
96 151 1
96 262 10
96 628 8
96 244 6
96 328 9
96 503 7
96 646 10
97 116 2
97 708 5
97 261 3
98 141 7
98 237 7
98 438 1
98 267 3
98 54 2
98 794 2
98 691 9
98 938 6
98 620 7
99 277 5
99 211 8
99 765 7
99 790 5
100 386 2
100 651 3
100 35 1
100 341 2
100 755 9
100 144 7
100 684 1
101 323 9
101 436 8
101 601 6
101 265 7
101 711 2
101 804 8
101 650 6
102 133 3
102 213 5
102 650 8
102 768 3
102 954 4
102 120 10
102 636 8
102 829 9
103 626 8
103 867 4
104 131 9
104 353 6
104 625 5
104 675 7
104 562 8
104 347 8
104 787 3
105 134 6
105 752 2
105 933 7
105 435 4
105 550 9
105 442 10
105 617 7
105 968 2
105 613 9
105 267 10
106 171 7
106 829 3
106 698 5
106 178 5
106 38 5
106 961 6
106 690 4
106 284 3
106 217 2
107 136 3
107 224 4
107 265 7
107 447 7
107 871 3
107 54 6
107 577 5
108 191 1
108 911 3
108 937 3
108 920 4
108 97 5
108 908 8
109 155 8
109 173 3
109 706 6
109 115 1
110 162 5
110 202 8
110 709 9
110 29 9
110 985 2
110 933 2
110 374 5
110 177 10
110 82 9
111 118 5
111 372 8
111 404 3
111 560 3
111 451 3
111 554 8
111 814 1
112 121 10
112 887 7
112 482 5
112 155 6
112 877 6
113 200 2
113 330 2
113 422 4
113 591 5
113 462 5
113 789 4
114 993 6
114 465 10
114 814 10
114 910 3
115 229 7
115 657 7
115 141 2
116 245 2
116 324 4
116 577 10
116 927 8
116 655 5
116 442 6
116 761 9
116 420 9
117 393 6
117 522 4
117 725 2
117 193 4
117 100 9
117 484 2
117 542 5
117 29 2
117 355 9
117 540 9
118 309 10
118 712 8
118 156 5
118 277 7
118 370 6
119 159 1
119 229 5
119 852 7
119 400 2
119 639 4
119 691 7
120 275 8
120 936 6
120 546 4
120 469 8
120 57 4
121 419 3
121 532 10
121 49 4
122 318 4
122 138 4
122 701 10
122 776 6
123 215 9
123 435 1
123 709 10
124 510 2
124 696 10
124 314 7
124 678 10
124 261 5
125 235 3
125 813 5
125 631 7
125 629 10
126 242 9
126 263 5
126 489 4
126 401 8
126 431 8
126 417 6
126 278 3
127 430 7
127 488 1
127 722 10
127 449 1
128 130 2
128 168 5
128 180 6
128 258 6
128 310 4
128 395 1
128 293 8
128 358 3
128 982 8
128 640 6
128 308 6
128 470 3
128 937 5
129 458 6
129 605 4
129 387 3
129 850 6
130 216 9
130 251 6
130 41 10
130 895 5
130 569 1
130 933 8
130 339 1
130 355 9
131 765 9
131 655 8
132 201 6
132 392 10
132 575 10
132 757 9
133 147 4
133 156 3
133 234 5
133 537 3
133 948 1
133 555 4
133 453 3
133 514 3
134 391 7
134 814 5
134 171 9
134 716 7
135 439 4
135 523 4
135 686 5
135 737 2
135 942 1
135 289 5
135 469 2
135 79 2
135 705 2
135 120 1
136 309 4
136 404 1
136 563 9
136 808 7
136 72 7
136 387 3
137 276 9
137 159 9
137 961 4
137 578 10
137 789 9
137 564 9
138 194 8
138 244 2
138 288 2
138 384 7
138 504 4
138 33 8
138 190 9
138 556 10
138 256 7
139 411 8
139 179 10
140 265 3
140 473 4
140 589 4
140 335 9
140 55 8
141 802 6
142 507 9
142 96 6
142 256 5
142 346 2
143 858 7
143 317 8
143 735 6
143 509 6
143 558 8
144 218 6
144 285 2
144 378 1
144 684 10
144 715 8
144 650 4
145 184 4
145 485 9
145 632 8
145 993 10
145 941 3
145 155 7
146 241 1
146 518 3
146 704 3
147 561 3
147 733 1
147 809 3
147 958 3
147 369 3
147 610 6
147 184 6
147 843 2
147 265 5
148 232 5
148 398 6
148 576 9
148 196 2
148 537 2
148 977 10
149 254 6
149 923 10
149 639 8
149 601 8
149 153 4
150 685 3
150 880 5
151 349 9
151 837 6
151 753 3
152 294 10
152 300 2
152 314 2
152 22 3
152 593 4
152 855 5
152 675 7
153 256 5
153 270 3
153 445 7
153 451 7
153 477 8
154 247 1
154 826 8
154 999 7
154 390 8
155 710 1
155 382 4
156 941 2
156 431 9
156 859 1
157 379 10
157 498 9
157 622 5
158 193 1
158 335 8
158 945 2
158 209 7
158 470 9
158 633 5
158 150 3
158 111 7
158 75 5
158 839 6
159 250 9
159 759 10
160 367 1
160 300 8
160 930 8
160 326 5
160 776 10
160 618 9
161 188 10
161 355 5
161 541 3
161 289 9
162 376 5
162 288 1
162 664 4
162 553 7
162 221 6
162 182 1
162 224 3
162 220 2
162 77 10
162 384 5
163 172 8
163 192 10
163 217 5
163 222 9
163 416 1
163 494 4
163 549 7
163 719 3
163 293 9
163 934 10
164 377 3
164 418 4
164 533 1
164 34 8
164 170 10
164 789 2
165 374 10
165 581 2
165 461 8
165 647 4
166 179 7
166 347 3
166 486 7
166 573 10
166 340 6
166 156 5
166 394 10
166 840 10
167 208 8
167 286 1
167 636 7
167 943 6
167 150 9
168 604 1
168 486 10
168 545 6
168 726 5
168 342 9
169 225 8
169 246 2
169 374 7
169 220 4
169 647 6
169 230 9
169 260 10
169 969 7
170 515 7
170 923 10
170 960 2
170 810 6
170 708 1
170 101 10
172 264 1
172 373 3
172 673 7
172 644 7
172 712 3
173 321 5
174 432 3
174 830 8
174 260 4
174 543 9
174 936 8
174 599 5
174 491 2
175 560 7
175 774 3
175 594 7
175 733 9
176 495 7
176 590 3
176 101 5
176 153 6
176 642 6
177 339 3
177 368 5
177 586 8
177 836 10
177 352 7
178 260 3
178 831 9
178 203 8
179 204 10
180 183 3
180 315 4
180 445 2
180 587 10
180 973 10
180 420 6
181 466 5
181 478 8
181 913 6
182 483 10
182 275 9
182 223 4
183 293 1
183 933 6
183 436 5
183 690 3
184 227 9
184 482 2
184 944 10
184 955 9
184 780 3
185 116 7
185 844 2
185 870 5
185 228 3
185 640 5
185 369 10
186 205 4
186 509 5
186 648 9
186 190 3
186 886 10
186 995 5
186 59 10
186 802 6
187 291 9
187 448 8
187 624 6
187 573 8
187 217 2
188 496 6
188 618 9
188 511 2
189 206 3
189 767 6
189 506 1
189 143 4
189 403 5
190 413 10
190 920 6
190 466 9
190 993 2
191 912 5
191 549 2
191 455 6
191 505 4
191 996 7
191 691 5
191 198 7
191 397 2
191 908 6
191 154 5
192 535 4
192 991 2
192 959 10
192 486 10
192 228 2
192 877 7
192 790 1
193 542 6
193 628 6
193 653 7
193 685 9
193 250 6
193 985 7
193 247 8
194 240 8
194 557 5
194 724 1
194 428 9
194 917 9
194 971 4
194 888 1
195 283 4
195 336 1
195 545 3
195 278 6
195 635 4
196 272 3
196 273 4
196 501 6
196 60 8
196 123 9
196 341 10
197 269 7
197 546 2
197 975 1
197 767 6
197 270 4
197 442 9
198 292 2
198 313 8
198 352 6
198 950 2
198 488 8
198 749 9
199 391 7
199 350 2
200 366 6
200 444 9
200 932 7
200 751 6
200 745 6
200 834 3
200 170 6
201 344 2
201 499 6
201 845 9
201 415 8
201 840 2
202 219 10
202 304 10
202 956 8
202 960 5
202 429 7
202 271 4
202 495 3
202 752 4
202 488 10
202 308 2
202 387 6
203 446 3
203 701 2
204 295 3
204 816 5
205 953 8
205 287 9
205 940 3
206 551 3
206 775 1
206 988 3
206 269 2
206 100 2
206 710 7
207 691 1
207 815 10
207 876 4
207 617 8
207 705 5
207 810 4
207 569 2
209 552 1
209 583 5
209 1000 2
209 44 10
210 630 5
210 617 4
210 662 6
211 443 7
211 449 10
211 985 2
211 865 9
211 979 6
211 938 1
212 845 4
213 239 4
213 476 5
214 661 1
214 617 6
214 749 9
214 165 9
214 57 3
215 492 3
215 655 4
215 910 3
215 219 8
215 164 1
215 442 1
216 372 4
216 157 3
216 547 1
216 715 4
216 288 5
217 230 7
217 434 9
217 669 9
217 702 7
217 993 8
217 90 9
217 537 3
217 246 8
218 377 4
218 363 6
219 299 5
219 365 4
219 250 6
219 293 6
219 795 5
219 502 8
219 760 6
220 351 10
221 233 6
221 427 2
221 474 2
221 819 10
221 599 2
221 305 7
221 660 6
221 154 7
222 567 2
222 184 1
223 524 9
223 173 4
223 869 6
224 243 2
224 898 5
224 980 4
224 879 4
224 337 10
224 497 2
224 844 7
225 199 8
225 824 10
225 435 4
226 472 8
226 305 8
226 733 8
226 154 10
226 320 6
226 54 10
226 411 7
226 578 1
226 88 4
226 552 3
226 931 6
226 450 1
227 385 3
228 558 4
228 658 5
228 738 6
228 257 9
229 851 5
230 577 10
230 851 3
231 361 8
231 463 3
231 681 8
232 351 8
232 490 10
232 697 4
232 457 5
232 831 2
232 691 2
232 898 1
232 722 4
232 579 10
232 129 10
233 882 8
233 938 7
233 560 5
233 545 4
233 593 4
233 297 1
234 308 3
234 724 4
234 598 10
235 327 1
235 119 9
235 787 3
235 885 8
236 327 5
236 511 4
236 605 10
236 213 10
236 432 7
237 255 10
237 380 4
237 865 3
237 574 9
238 24 9
238 374 2
238 676 8
238 543 6
238 842 4
239 366 2
240 408 10
240 627 3
240 45 1
240 526 5
240 992 1
240 58 4
240 254 6
240 790 8
240 995 5
240 612 8
240 818 1
241 290 10
241 298 9
241 781 9
241 427 7
241 803 3
241 72 4
242 149 3
242 704 9
242 609 2
242 610 9
243 266 7
243 732 3
243 950 4
243 55 1
244 784 10
244 723 7
244 143 9
244 407 2
244 594 6
245 406 2
245 783 7
245 78 7
245 678 4
245 875 9
245 208 4
246 734 4
246 830 9
246 496 1
247 544 2
247 807 10
247 838 5
247 199 4
247 966 1
247 823 5
247 500 5
247 50 9
247 877 10
247 981 2
247 577 6
248 716 7
248 784 3
248 109 7
249 259 6
249 556 8
249 695 7
249 99 9
249 583 4
249 413 5
249 963 8
250 261 5
250 847 2
250 572 4
250 865 3
250 834 2
250 610 1
250 236 9
251 967 5
252 165 9
252 732 4
253 277 9
253 426 6
253 468 3
253 726 5
253 272 8
253 452 9
253 454 10
253 312 5
253 492 2
255 289 1
255 588 8
255 970 2
255 846 9
256 713 5
256 952 7
256 453 8
256 385 10
256 297 4
258 357 4
258 640 4
258 166 7
258 852 3
258 334 9
258 309 3
258 181 8
259 307 7
259 842 2
259 424 10
259 539 8
259 347 8
259 615 10
259 712 10
260 356 1
261 397 5
261 127 7
262 597 9
262 820 4
262 914 1
262 147 4
263 452 7
263 404 4
263 788 2
264 525 6
264 956 8
264 880 7
264 889 10
264 742 8
264 684 10
264 846 10
264 545 5
265 306 7
265 402 4
265 727 4
265 700 5
266 503 2
266 598 5
266 839 2
266 575 9
266 821 6
266 482 3
266 471 3
267 497 8
267 971 3
267 410 7
267 740 6
267 443 1
267 123 3
267 104 4
267 380 2
267 517 6
268 297 1
269 362 4
269 277 3
269 577 1
269 340 6
270 618 8
270 457 10
271 563 3
271 497 7
271 759 7
271 383 7
273 542 1
273 103 10
273 824 4
274 993 2
274 79 3
274 466 2
275 480 9
275 532 6
275 721 4
275 831 8
275 750 7
275 891 5
275 489 2
275 854 8
276 284 10
276 167 7
276 652 6
276 806 6
276 351 5
276 502 5
277 638 6
277 963 1
277 804 9
277 184 9
277 243 10
277 290 9
277 62 10
277 350 7
277 871 10
277 452 8
278 980 6
279 346 9
279 493 6
279 352 4
279 447 10
280 745 2
280 889 5
280 435 9
280 458 9
280 684 8
281 397 10
281 872 4
281 334 6
281 407 4
282 403 2
282 909 1
282 986 2
282 118 1
283 462 1
283 163 4
283 685 5
283 454 9
283 676 9
284 311 2
284 856 6
284 547 1
284 517 8
285 459 7
285 799 3
285 380 9
285 502 1
285 641 1
285 618 2
286 877 2
286 753 8
286 828 8
287 537 5
288 321 3
288 103 10
289 475 6
289 444 1
289 439 1
290 899 5
290 925 5
291 338 6
291 405 3
291 580 1
291 793 1
291 907 6
291 225 9
291 472 3
291 123 9
291 540 4
292 287 6
292 512 2
292 539 1
292 116 3
292 34 8
292 377 5
292 199 5
293 554 8
293 672 9
293 620 9
293 780 9
294 305 2
294 375 6
294 708 6
294 745 7
294 652 2
294 330 4
294 301 5
294 955 4
294 135 6
294 642 5
296 325 5
296 453 7
296 955 6
296 662 10
296 93 1
296 756 4
296 359 9
296 830 7
296 513 4
296 533 4
296 463 1
297 334 8
298 393 5
298 464 2
299 333 1
299 341 9
299 502 9
299 575 6
299 886 10
299 181 4
299 508 6
300 789 6
300 731 3
300 405 3
300 172 8
300 897 5
300 195 10
301 527 6
301 547 3
301 802 2
301 588 5
301 725 2
301 642 2
301 377 7
301 218 3
303 974 2
304 319 7
305 287 5
305 776 2
305 101 8
305 251 7
305 938 1
306 354 3
306 945 4
306 826 2
306 784 7
307 382 9
307 809 3
307 555 3
307 925 9
307 478 9
308 401 9
308 762 4
308 766 4
308 178 3
309 331 4
309 714 8
309 792 5
309 784 10
309 993 5
309 830 9
310 531 6
310 74 1
310 788 3
310 247 10
310 962 8
310 364 7
311 322 8
311 616 6
311 857 7
311 325 1
311 466 9
311 36 4
312 534 9
312 540 4
312 495 10
313 340 5
313 528 4
313 862 9
313 491 1
313 818 1
313 480 3
315 363 3
315 349 10
315 464 10
315 417 7
315 513 5
315 614 1
315 957 8
315 411 4
316 457 4
316 893 9
316 918 6
316 966 8
316 446 8
316 999 8
316 769 6
316 373 6
317 963 9
318 888 7
318 491 2
318 741 10
319 448 4
319 519 10
319 858 5
319 792 2
320 513 5
320 629 2
320 677 9
320 895 10
320 19 7
320 838 9
323 969 10
323 569 9
323 900 7
324 381 9
324 285 9
324 205 1
324 591 7
325 376 6
325 410 5
325 808 1
325 871 7
325 849 2
325 369 8
326 731 3
326 449 6
326 374 1
327 559 10
327 700 2
327 735 8
327 363 8
327 706 5
327 773 4
328 246 7
328 497 7
328 530 7
329 569 3
329 611 10
329 128 6
329 959 6
329 54 4
330 931 9
331 607 8
331 802 7
331 803 5
332 409 1
332 429 2
332 564 8
332 401 2
332 771 4
333 404 10
333 958 7
333 618 8
333 623 5
333 621 2
334 682 3
335 337 6
335 447 1
335 721 10
335 303 2
335 789 5
335 119 1
335 666 6
335 877 9
335 55 8
336 759 2
336 267 4
336 175 8
337 350 9
337 609 1
338 590 5
338 16 3
338 222 5
338 635 10
338 690 8
338 934 9
339 356 4
339 385 3
339 58 4
339 746 5
339 297 4
340 331 9
341 415 7
341 499 6
341 851 10
341 751 5
341 466 2
342 383 9
342 739 8
342 798 3
342 891 6
342 449 1
342 890 10
343 437 5
343 911 8
343 518 2
344 484 8
344 649 5
344 776 5
344 897 8
344 638 5
344 667 1
344 76 4
344 739 2
345 535 1
345 200 10
345 221 10
345 23 9
345 209 4
345 689 10
345 246 3
346 594 8
346 782 3
347 508 10
347 890 1
347 131 2
347 617 8
348 431 1
348 620 8
348 222 5
348 831 9
349 550 8
349 683 9
349 143 10
349 573 3
349 864 10
350 854 5
352 553 8
353 411 3
353 571 5
353 798 1
354 171 2
355 866 1
355 908 2
355 124 5
355 580 4
356 981 6
357 812 3
357 481 6
357 546 1
357 360 4
357 304 9
357 891 4
358 319 8
358 391 4
359 595 10
359 697 5
359 882 7
360 553 10
360 815 7
360 844 2
360 139 9
360 610 7
360 550 7
361 424 7
361 947 7
361 849 4
361 104 9
361 373 4
362 554 1
362 596 5
362 777 2
362 733 6
362 113 2
363 862 6
363 278 1
363 497 9
363 257 2
363 868 7
364 772 6
364 550 10
364 390 8
364 745 1
364 99 9
364 273 9
364 904 4
364 385 3
364 393 3
364 324 10
365 458 9
366 341 7
366 719 5
367 603 5
367 158 3
367 899 2
368 682 7
368 252 10
368 746 10
368 353 6
369 456 7
369 881 4
369 999 8
370 620 4
370 257 3
370 741 5
371 656 6
372 414 3
372 476 3
372 470 3
372 723 3
372 613 7
372 360 6
373 776 2
373 644 9
373 289 3
373 861 9
374 570 8
374 123 7
374 207 10
375 609 2
375 128 2
375 688 7
375 590 3
375 539 1
376 834 9
377 272 7
377 528 4
378 635 3
378 400 1
378 835 10
378 712 6
378 841 5
378 178 9
379 394 8
379 536 6
379 202 1
379 303 8
379 654 1
380 514 10
380 668 3
380 897 3
380 657 7
380 699 7
380 809 10
380 621 10
381 336 6
382 710 9
382 621 3
383 417 10
383 450 6
383 145 9
383 555 7
383 418 10
383 674 5
383 854 4
384 730 1
384 435 10
384 277 3
384 430 5
384 611 2
384 925 5
385 518 2
385 179 4
386 470 7
386 770 5
386 848 5
386 281 1
387 479 1
387 978 2
387 622 6
388 536 2
388 830 6
388 482 4
388 76 6
388 279 8
389 422 5
389 661 3
389 217 8
390 477 5
390 491 3
390 239 2
390 351 4
391 544 4
391 599 2
392 503 6
393 412 1
393 505 1
393 653 1
393 941 5
393 559 1
394 561 10
394 844 9
394 709 8
394 809 7
395 535 7
395 933 3
395 446 5
395 235 9
395 549 6
396 750 7
397 425 5
397 867 7
398 974 2
398 903 8
398 137 2
398 704 3
398 467 2
398 679 10
399 545 9
399 262 7
399 374 3
399 297 1
399 412 4
400 526 3
400 801 5
400 919 6
401 317 3
402 993 9
403 582 7
403 183 10
404 229 7
405 740 10
405 66 9
405 506 7
405 931 7
405 548 8
406 644 8
406 133 3
406 513 2
406 218 7
406 279 10
407 756 9
408 695 8
408 950 1
408 306 2
408 974 8
408 164 8
409 736 9
409 228 2
410 462 7
410 539 3
410 791 3
411 600 3
411 885 10
411 744 3
411 980 3
411 858 10
412 401 1
412 701 3
412 953 6
413 60 8
413 83 4
414 959 10
414 274 4
414 395 2
414 336 5
414 838 3
414 902 5
414 883 9
415 457 2
415 833 7
416 442 4
416 633 3
416 943 6
416 820 7
416 167 7
416 667 8
416 415 7
416 757 7
416 987 10
417 251 10
418 392 6
418 497 5
418 402 2
419 548 8
419 731 7
419 961 10
419 394 5
419 506 5
419 133 2
419 166 10
419 135 10
419 159 1
420 566 5
420 130 9
420 632 3
420 530 10
420 916 9
421 451 3
421 76 3
421 992 7
421 132 7
422 487 10
422 825 4
422 859 1
422 824 7
422 798 5
422 332 4
423 50 7
423 25 4
423 449 9
423 334 2
424 428 6
424 681 4
424 992 8
425 553 6
425 718 1
425 804 8
425 834 3
425 429 9
425 515 4
425 481 10
425 570 5
426 454 5
426 959 2
426 852 6
426 78 8
427 23 2
427 452 1
427 867 1
428 440 8
428 971 9
428 657 10
428 265 1
428 834 4
428 711 9
428 514 3
429 147 1
429 322 2
429 789 1
429 407 2
429 641 6
430 610 6
430 990 2
431 788 6
432 891 5
432 354 5
433 624 5
433 951 8
433 868 10
434 979 1
434 567 9
435 806 5
437 621 7
437 676 1
437 407 4
438 657 7
438 548 8
438 24 8
438 746 4
438 929 7
438 687 4
439 641 8
439 340 6
439 623 1
440 555 1
440 567 3
440 568 4
440 508 5
440 732 10
440 967 6
440 953 4
440 201 8
440 360 6
440 248 4
440 199 2
440 396 7
441 597 2
441 199 4
443 659 1
443 993 3
443 864 9
443 888 7
444 935 7
444 499 2
444 390 6
445 607 2
445 963 7
445 873 8
446 517 7
446 618 8
447 996 4
447 934 8
448 889 2
448 539 6
448 913 5
448 969 1
448 984 9
448 601 5
450 208 9
450 594 4
452 952 8
452 74 4
452 855 7
452 918 4
452 588 10
452 945 1
452 872 10
453 859 10
453 370 5
454 461 7
454 179 4
454 590 6
454 766 7
454 505 5
454 442 7
454 856 1
454 305 7
455 260 5
455 997 2
455 475 8
455 672 3
455 126 4
456 385 1
456 19 4
456 127 5
456 212 6
457 762 4
457 858 1
458 952 2
458 366 2
458 178 5
459 679 4
459 835 8
459 801 9
459 940 6
459 543 6
459 849 2
460 861 10
461 44 5
461 955 4
461 109 9
461 443 2
461 425 9
462 892 4
462 612 3
462 897 7
462 144 3
463 476 3
463 938 8
463 875 10
463 852 10
464 442 4
465 159 7
465 808 10
465 983 6
467 113 1
467 234 4
468 797 6
468 346 6
468 799 9
468 543 8
468 333 5
468 830 10
469 642 3
469 805 9
469 355 9
469 656 1
469 335 3
469 694 7
469 593 3
470 825 1
470 718 2
470 716 3
470 932 4
470 765 6
470 317 6
471 662 1
471 815 4
471 358 5
471 488 1
471 834 8
472 530 2
472 665 10
472 806 7
472 537 1
472 136 5
472 814 9
473 694 8
473 174 1
473 817 7
473 317 1
473 839 6
474 520 7
474 512 4
474 31 9
474 323 3
474 387 7
474 284 10
475 605 7
475 74 2
475 572 6
476 780 9
476 971 2
477 529 3
477 600 4
478 833 4
479 646 1
479 826 2
479 551 6
479 620 7
479 181 2
479 325 1
479 350 2
480 525 8
480 650 5
481 715 3
481 571 1
481 963 2
481 497 2
482 385 4
483 506 10
483 664 8
483 907 7
483 939 1
483 837 8
483 576 1
483 851 7
483 590 2
484 50 8
484 526 8
485 836 3
485 997 1
486 902 10
486 475 3
486 34 7
486 281 3
486 344 10
487 172 8
487 169 5
487 855 4
487 799 6
487 900 6
487 983 10
487 776 5
488 392 8
488 415 4
489 658 3
489 701 10
489 774 10
489 972 7
489 766 5
490 606 9
490 824 1
490 429 8
490 583 9
490 76 7
491 599 5
491 771 9
491 179 3
491 314 6
492 407 7
493 891 1
493 451 9
494 101 6
494 780 6
494 691 7
495 359 5
495 900 5
496 480 5
496 866 2
496 447 10
497 657 2
497 239 6
498 641 4
498 977 3
498 295 7
498 945 9
499 337 1
499 821 4
500 956 2
500 947 6
501 869 9
501 924 2
501 458 3
501 150 8
501 638 6
501 44 8
501 287 8
502 159 6
502 562 1
502 787 1
502 382 6
503 543 1
503 141 3
503 826 10
504 643 9
504 693 7
504 550 9
504 447 5
504 80 3
505 582 9
505 887 4
505 608 6
506 878 10
506 590 10
506 596 10
506 218 5
506 535 10
506 586 6
506 658 6
506 571 2
506 502 8
506 76 5
506 969 6
507 986 2
507 166 2
507 800 5
508 159 4
508 599 2
508 407 2
508 511 7
509 964 9
509 783 5
509 372 6
509 192 10
509 136 1
510 732 7
510 302 4
510 774 1
510 445 1
510 327 5
511 593 1
511 290 1
512 761 2
512 802 5
512 947 10
512 877 1
512 917 4
513 690 1
513 34 9
513 768 3
513 391 1
513 771 9
513 611 2
513 970 1
513 779 3
513 601 4
514 944 6
514 649 6
515 497 4
516 608 8
516 412 1
516 833 6
517 768 2
517 270 6
518 688 10
519 759 7
519 631 4
520 504 4
520 205 4
520 289 8
520 968 10
520 212 10
520 85 6
520 254 2
521 85 6
522 562 9
522 196 10
522 529 2
522 304 3
523 738 7
523 347 6
523 322 3
524 536 9
524 791 2
524 961 8
524 721 9
524 834 7
524 277 4
524 131 5
524 613 4
524 362 4
525 574 1
525 994 6
525 517 1
527 726 4
527 940 7
527 315 1
527 636 1
527 864 1
527 209 6
527 546 3
527 370 4
529 764 6
529 936 3
529 905 9
529 376 8
530 37 7
530 246 1
530 490 9
530 924 8
530 274 10
530 862 10
530 126 9
531 527 3
531 142 2
531 245 5
532 875 5
532 957 8
532 440 8
532 797 2
532 740 7
532 34 1
532 918 2
533 799 1
533 793 4
533 597 4
533 290 7
533 394 8
534 631 9
534 790 5
534 396 7
534 753 10
534 885 2
534 644 5
535 247 8
535 944 5
536 769 9
536 88 9
536 689 7
536 642 8
536 692 9
536 904 5
536 819 5
537 667 2
537 861 4
538 539 4
538 278 10
539 385 2
540 273 5
540 692 2
540 777 4
541 588 7
541 914 3
541 177 7
542 850 6
542 173 8
543 458 6
543 568 6
543 334 7
543 757 8
544 631 8
545 691 4
546 602 4
546 513 4
547 888 10
547 78 5
548 620 1
548 272 6
548 523 8
548 302 1
549 612 6
549 678 8
549 705 4
549 235 9
550 992 8
550 207 4
551 855 3
551 574 4
551 624 8
551 650 8
552 411 5
552 854 6
552 713 3
552 129 8
552 548 6
552 145 10
552 988 6
552 303 10
553 976 7
553 681 6
553 845 3
554 986 5
554 830 3
554 545 6
555 719 2
555 382 5
555 564 2
555 797 5
556 742 3
556 233 10
556 151 9
557 637 5
557 164 1
557 767 6
557 412 4
557 332 1
557 106 9
557 542 10
557 769 1
558 707 10
558 959 5
558 708 10
558 485 4
558 674 10
558 961 2
559 617 6
559 804 10
559 801 9
560 231 2
560 445 9
560 306 10
560 235 4
560 255 2
561 692 7
561 822 1
562 738 1
562 963 2
563 391 6
563 921 5
563 885 8
563 358 7
563 307 6
563 881 5
563 346 7
564 687 1
565 710 1
566 586 3
566 756 7
567 1000 9
567 262 3
567 79 4
567 630 8
568 682 3
568 623 6
568 178 4
569 996 8
569 622 1
570 779 7
570 742 3
570 642 2
570 854 9
570 297 9
571 297 7
571 972 10
571 634 7
571 822 4
572 371 1
572 847 6
573 781 3
573 252 8
573 458 4
573 203 1
574 721 2
574 542 1
574 976 6
575 613 3
575 645 1
575 279 5
575 777 6
575 773 7
575 432 8
575 515 2
576 535 3
576 454 9
576 420 7
576 352 9
576 536 8
577 466 6
577 551 10
577 958 5
578 943 8
578 988 9
578 480 4
578 545 6
579 977 2
579 705 7
579 567 3
580 402 5
581 729 7
581 212 1
581 851 1
582 614 2
582 833 10
582 275 6
582 674 9
583 697 3
583 855 9
583 424 9
584 687 10
584 999 4
584 511 2
584 933 10
584 351 5
584 843 8
584 837 9
584 37 9
584 613 8
585 559 1
586 35 1
586 906 4
586 518 3
586 125 7
586 351 9
586 532 4
587 842 5
587 150 10
587 137 1
587 560 7
588 978 1
588 690 7
589 840 2
589 844 2
589 168 3
589 82 9
590 521 2
590 624 9
590 845 1
590 230 5
590 865 4
591 36 5
591 712 9
591 808 7
591 678 3
592 647 2
592 241 2
592 415 4
592 419 7
592 658 4
592 893 10
592 869 4
593 935 8
593 173 8
593 564 10
593 540 10
593 704 6
593 632 3
594 229 2
595 905 8
595 441 9
595 719 2
595 385 8
595 497 1
595 42 1
595 447 6
596 982 10
596 282 7
596 578 7
596 31 5
597 443 4
599 824 7
599 103 7
599 449 3
600 485 3
600 279 1
601 824 2
601 965 3
601 229 2
602 407 5
602 226 5
602 534 4
602 173 4
602 391 6
602 707 4
603 221 4
603 199 5
603 583 8
603 875 7
604 624 4
604 764 5
605 271 6
606 67 3
606 825 4
606 312 2
606 636 8
606 930 10
606 716 9
606 677 10
607 932 9
608 864 2
608 261 1
609 955 2
609 260 10
609 404 7
610 648 7
610 696 7
610 460 4
611 411 6
611 776 2
611 220 1
611 85 2
612 517 10
612 55 9
612 354 7
612 149 7
613 744 4
613 261 2
613 821 6
613 848 3
614 814 7
614 196 5
614 793 1
614 934 1
615 660 9
615 925 3
615 905 1
615 852 1
615 809 8
616 922 8
616 809 10
616 303 5
616 199 1
616 65 10
616 159 5
617 722 5
619 719 2
619 604 2
619 923 5
619 858 1
619 468 3
621 937 3
622 936 1
622 993 6
623 749 9
623 443 9
623 518 6
623 867 10
624 565 7
624 993 2
624 711 4
625 639 3
625 751 10
625 846 5
625 926 3
625 487 1
625 412 6
625 145 1
627 703 9
627 939 3
627 771 9
628 525 1
628 908 7
628 528 2
628 548 9
628 797 3
629 131 6
629 83 6
629 390 9
630 433 6
631 861 6
631 334 9
632 903 10
632 692 8
633 806 6
633 166 1
633 677 4
633 566 5
633 915 1
634 806 4
634 210 8
634 820 10
634 953 1
634 565 3
635 666 10
635 741 3
635 601 6
636 318 8
636 62 9
637 827 10
637 615 9
637 34 2
637 277 3
637 252 5
637 483 5
638 920 2
638 38 8
638 791 5
639 678 6
639 971 10
640 490 6
640 356 7
640 352 3
641 652 2
641 846 1
641 577 4
641 333 5
642 840 4
642 600 6
642 681 9
642 356 3
643 747 6
643 811 6
643 225 7
643 438 6
643 531 6
643 478 4
643 472 8
644 645 6
645 735 2
646 658 8
647 795 7
648 684 4
648 446 9
648 934 10
649 824 7
649 212 6
649 518 6
650 220 8
650 492 6
651 654 10
651 332 8
651 462 6
651 314 7
651 876 2
652 787 8
653 748 10
653 800 9
653 845 1
653 251 1
653 401 5
654 540 10
654 772 9
654 205 8
655 786 2
655 884 3
655 74 8
655 815 5
656 698 2
656 429 8
656 983 2
658 575 2
658 330 5
658 617 6
659 432 3
659 890 5
660 665 1
660 848 4
660 648 4
660 850 10
660 115 4
660 717 1
660 945 4
661 672 5
661 908 7
661 635 3
661 860 1
661 694 6
661 234 8
661 470 10
661 890 4
662 450 6
663 906 1
663 4 1
663 233 4
663 791 1
663 217 6
663 811 8
663 800 9
664 850 7
664 344 8
664 696 7
664 657 5
664 777 4
664 546 4
664 848 7
664 537 4
664 498 6
666 978 7
666 774 9
666 850 10
666 944 10
666 879 8
667 139 8
667 705 8
669 965 9
669 984 8
669 606 5
669 477 4
669 538 5
669 339 2
669 536 1
669 390 7
669 492 4
670 48 9
670 856 1
670 895 1
670 802 4
670 727 3
670 242 6
671 711 7
671 817 5
671 294 2
671 21 8
671 927 6
671 280 8
671 87 4
672 598 10
673 460 4
673 434 8
673 176 7
673 858 2
674 471 7
674 268 6
674 321 2
675 280 1
675 343 2
675 498 1
675 920 10
675 304 10
675 762 3
675 371 9
676 275 9
676 489 9
677 545 10
677 107 5
677 378 3
678 555 10
678 706 2
679 717 5
679 545 3
679 997 4
680 546 5
680 952 3
680 544 9
681 755 10
682 688 5
683 609 8
683 438 5
683 99 6
683 340 5
683 954 4
683 377 1
683 458 5
684 773 2
684 849 1
684 971 10
684 657 4
685 699 5
685 766 1
685 38 6
685 433 7
685 649 2
685 814 6
685 691 7
686 743 9
686 258 4
686 239 4
686 726 1
686 220 8
686 124 10
687 844 6
687 385 6
687 288 5
687 777 3
687 784 1
687 600 8
687 449 8
688 770 10
689 380 3
689 344 8
689 364 4
689 400 10
689 316 2
689 285 4
690 890 2
691 814 8
692 836 7
692 970 1
693 10 8
693 427 1
693 880 2
694 792 9
694 900 5
694 253 9
694 257 7
694 539 3
694 687 6
694 397 2
694 436 10
694 674 10
695 785 3
695 860 1
695 956 8
695 713 1
695 774 8
695 450 2
695 262 9
696 644 4
696 735 6
696 352 2
697 950 10
697 528 4
697 178 1
697 485 2
698 553 5
698 871 3
698 755 3
700 115 9
700 833 1
701 914 7
702 778 2
702 753 7
702 444 10
702 582 7
703 704 1
703 863 7
703 944 6
704 849 5
704 657 2
704 447 3
704 801 8
705 915 10
705 990 10
705 709 5
705 607 9
707 857 8
707 136 2
707 681 3
708 760 10
708 181 8
708 874 7
709 779 7
709 109 2
709 623 1
710 871 5
710 229 1
711 782 4
711 722 1
711 997 9
712 764 10
713 836 1
713 34 8
713 380 5
714 293 7
714 752 10
714 799 6
714 581 1
714 986 8
715 394 3
715 688 2
715 736 8
716 769 4
716 350 2
716 173 9
716 649 4
716 797 4
717 976 4
717 889 6
718 843 9
718 351 1
718 681 8
718 540 3
719 141 3
720 949 2
720 447 1
720 565 5
720 880 9
720 676 7
720 224 2
720 930 2
720 457 6
720 728 1
720 149 2
721 746 1
721 317 9
722 773 4
723 489 10
723 56 2
723 376 5
723 794 9
724 676 3
724 722 7
724 513 8
724 344 1
724 465 8
725 245 6
725 232 8
725 157 3
725 156 8
725 339 7
725 678 4
725 169 5
725 989 10
726 886 9
726 392 4
726 872 7
726 922 8
727 444 1
727 824 5
728 904 4
728 284 1
728 670 10
728 723 6
728 786 5
728 468 7
728 802 3
728 201 6
729 873 10
729 538 7
729 585 1
729 271 3
730 812 3
730 827 2
730 643 6
730 817 10
731 753 4
731 845 7
731 725 1
731 726 9
731 758 6
731 38 5
731 709 3
731 771 10
732 819 3
732 917 3
732 843 4
733 513 6
733 891 4
733 597 3
733 712 1
734 749 5
734 668 10
734 646 9
734 385 2
735 340 7
735 477 9
735 668 2
736 580 7
737 393 7
737 988 5
737 196 3
737 600 5
738 236 9
738 539 4
739 156 9
739 323 4
739 268 3
739 101 7
740 803 7
740 989 1
741 891 2
741 659 5
741 989 5
742 199 3
742 679 7
743 767 9
743 823 3
743 261 9
743 661 8
743 490 9
744 906 5
744 711 10
744 738 1
745 222 8
745 886 9
745 399 7
745 220 8
745 993 4
745 868 2
745 435 10
746 901 2
746 432 7
747 312 10
747 986 3
747 525 2
747 696 4
747 229 8
747 757 8
748 86 4
748 919 1
749 903 1
750 835 3
751 173 6
751 983 4
751 295 7
752 794 4
752 857 7
754 879 1
754 375 10
754 583 5
754 672 3
754 491 9
754 29 1
755 518 10
756 268 2
756 937 10
756 370 1
757 868 7
758 838 9
758 763 8
758 450 5
758 403 2
758 846 8
759 986 4
760 830 4
760 488 3
761 560 7
761 111 5
761 856 3
761 430 10
761 919 5
761 440 5
761 719 9
762 279 4
762 404 8
762 442 6
763 608 1
763 184 3
764 887 8
764 401 5
764 826 6
765 818 2
765 859 2
765 777 6
765 476 1
766 926 1
766 174 3
766 780 7
767 777 1
767 41 7
767 560 5
767 200 8
767 76 3
767 258 3
767 340 5
767 605 6
768 376 5
768 995 1
769 995 1
769 855 2
769 210 9
769 101 1
770 989 1
770 179 4
770 621 5
770 288 4
771 691 5
771 967 6
772 243 9
772 233 5
772 777 1
772 293 1
772 953 9
772 489 10
772 605 5
773 358 7
773 542 1
774 891 5
775 11 3
775 298 5
775 476 10
775 191 1
775 628 7
775 590 7
776 797 4
777 366 8
777 626 10
778 922 2
778 417 3
778 580 3
778 565 5
780 418 5
780 708 10
781 255 10
781 955 8
781 340 2
781 780 3
782 321 4
783 929 6
783 813 5
783 254 5
784 491 10
784 657 9
784 260 5
785 962 10
785 163 5
786 808 6
786 981 2
786 839 5
786 841 8
787 85 6
787 851 8
787 456 3
787 149 8
788 709 5
788 841 2
788 889 7
788 230 9
788 478 10
788 412 3
788 718 9
789 948 5
790 133 5
790 668 9
790 712 8
791 890 1
791 545 4
791 777 8
791 874 6
792 993 5
793 851 7
793 287 7
793 860 3
794 947 8
794 691 9
794 684 8
794 572 7
795 237 10
795 818 4
796 894 2
796 77 2
796 647 3
796 874 4
796 556 4
796 861 6
797 961 7
797 650 9
797 376 8
798 588 3
798 430 3
798 278 3
799 400 10
799 810 9
799 700 5
800 838 10
800 500 4
801 841 1
801 62 7
801 517 1
801 874 3
802 764 8
802 990 2
803 784 8
803 618 7
804 351 2
804 451 2
804 598 7
805 77 1
805 106 3
805 426 3
805 757 10
806 958 9
806 749 5
807 579 10
807 570 6
807 109 2
807 35 3
808 940 2
809 899 9
809 698 5
811 608 6
811 925 3
811 989 5
811 167 5
811 996 3
811 880 6
811 377 3
811 395 10
811 639 7
812 100 2
812 731 3
812 620 2
812 982 10
812 200 3
813 264 1
813 462 4
813 502 2
813 994 4
813 921 7
814 809 2
815 551 1
815 751 7
815 913 1
817 494 4
818 229 7
819 452 7
819 563 2
820 242 10
820 415 3
821 757 2
821 173 1
822 944 3
822 875 9
822 780 7
822 377 4
823 343 7
823 400 1
823 751 4
824 774 3
824 295 1
824 272 5
824 594 8
825 853 8
825 507 8
825 414 1
825 171 9
825 459 3
826 868 10
826 609 4
826 220 7
827 522 1
827 142 2
827 250 5
827 602 6
828 928 10
828 949 1
829 431 6
829 661 1
829 718 9
829 624 9
829 164 2
830 719 5
830 831 4
832 465 7
832 548 9
832 837 4
832 64 1
832 495 7
832 43 3
832 633 1
833 334 10
834 824 2
834 199 2
835 124 7
835 806 1
836 239 5
836 777 3
837 722 10
837 278 7
838 984 5
838 949 8
839 837 5
839 862 3
840 789 10
841 659 3
841 445 9
842 794 10
843 963 4
843 601 2
843 791 8
844 674 2
844 101 6
845 700 4
845 208 3
846 886 10
846 682 7
847 930 2
847 969 2
847 435 6
847 213 4
848 789 5
848 236 3
848 90 9
849 352 4
849 271 3
851 220 10
852 588 8
852 844 4
852 204 2
853 368 5
853 192 3
853 126 5
853 439 2
853 136 3
853 352 1
855 997 1
855 862 3
855 803 4
855 934 2
856 393 2
856 931 8
856 744 6
856 196 2
857 230 10
857 804 4
857 58 6
858 407 3
859 581 1
859 477 1
859 450 5
859 248 9
860 980 1
860 674 1
860 622 9
860 594 8
861 756 10
862 494 6
862 609 5
862 210 3
862 331 5
862 696 10
862 85 3
863 16 10
863 574 9
863 939 3
866 210 9
866 818 1
868 816 3
869 913 1
869 566 9
869 699 9
869 290 4
869 90 2
869 373 8
869 638 9
869 126 3
869 172 2
869 50 3
870 180 1
870 973 10
870 603 5
870 863 8
870 323 3
870 961 9
872 199 7
872 735 2
872 439 5
872 899 1
873 926 8
873 304 8
873 679 5
874 538 7
874 699 2
874 390 2
874 229 8
875 468 3
876 145 6
876 808 9
877 227 1
877 869 3
877 271 3
878 337 9
878 310 2
878 72 9
878 489 6
878 961 8
878 128 10
878 60 1
878 811 9
879 734 4
880 511 7
880 690 7
882 770 6
882 213 5
883 534 1
883 196 2
883 902 4
883 581 10
883 511 8
883 515 2
884 946 4
884 179 4
884 740 2
884 996 9
885 383 3
885 913 9
886 994 9
888 565 9
889 488 8
889 609 6
889 692 5
892 983 1
892 940 5
892 144 8
892 402 4
893 343 5
894 335 7
894 606 9
894 173 4
894 352 8
895 517 5
895 44 1
896 151 9
896 858 9
896 236 9
896 417 10
896 679 7
896 338 9
896 154 8
897 313 3
897 145 2
898 901 1
898 140 6
898 425 3
898 903 3
899 251 5
899 773 10
899 701 8
899 539 7
900 858 9
901 708 1
901 290 8
901 717 3
901 914 5
902 972 9
902 485 10
902 149 4
902 539 9
902 415 4
902 325 10
902 604 6
902 951 4
903 650 4
903 404 8
904 813 3
904 70 1
905 351 5
905 717 7
905 941 8
905 865 9
905 976 7
906 660 2
906 981 1
906 449 4
907 579 4
907 812 4
907 500 5
907 971 9
908 968 4
908 183 2
908 582 7
908 999 9
909 397 3
909 424 2
909 404 2
909 707 2
910 916 1
910 660 4
910 453 9
911 861 6
911 980 8
911 705 3
912 112 9
912 927 9
912 233 5
912 241 2
912 879 1
912 314 6
914 925 10
915 199 4
915 950 9
915 489 8
915 718 1
915 936 7
916 264 4
916 792 5
917 201 6
917 706 3
917 225 7
917 119 5
917 963 5
918 891 3
918 905 6
918 537 6
918 756 7
918 563 7
919 611 10
919 780 7
919 155 2
919 618 9
920 930 10
920 188 2
920 251 1
920 156 10
920 374 10
921 450 3
922 566 9
922 825 10
923 848 6
923 468 9
924 74 10
924 548 8
924 905 8
926 797 2
926 225 2
927 998 10
927 454 7
927 50 1
927 202 4
927 112 10
927 447 10
928 778 7
928 562 4
928 993 5
928 607 9
928 769 7
929 786 1
929 785 6
929 811 5
929 517 5
930 126 7
930 701 1
930 851 1
930 302 2
931 978 9
931 891 4
932 354 3
933 651 2
933 690 4
933 903 3
933 184 10
934 351 4
936 941 7
936 279 5
936 601 9
937 741 6
938 475 4
938 973 6
939 730 3
939 317 1
939 275 9
940 274 9
940 568 6
940 851 8
940 156 7
942 424 6
942 130 1
943 224 8
943 835 4
944 554 10
944 155 1
945 679 6
945 866 5
946 662 1
947 658 1
947 410 3
948 631 5
948 74 1
948 365 10
948 554 2
949 403 7
949 814 10
949 760 10
950 80 2
951 665 3
951 526 10
951 417 6
953 551 2
954 692 10
954 386 8
954 414 6
954 318 8
954 707 10
955 759 5
955 690 5
956 918 4
957 339 8
957 944 1
957 647 3
957 764 1
957 620 7
957 236 5
958 271 5
958 604 4
958 900 3
959 993 1
959 70 7
959 555 10
960 119 7
960 251 3
961 496 10
961 826 10
962 39 1
962 610 6
964 954 1
964 714 1
964 683 10
964 962 7
964 445 2
965 392 8
966 440 4
966 787 8
966 860 3
967 391 1
968 331 7
968 591 5
968 190 7
968 948 5
969 317 3
970 302 7
973 562 9
973 449 1
973 184 5
973 529 3
974 336 7
975 115 8
976 272 3
976 709 8
977 259 4
977 768 1
978 763 8
978 821 10
978 278 5
979 471 3
979 849 9
980 936 9
980 174 6
980 864 5
981 831 9
981 672 3
981 816 7
981 710 10
982 158 6
982 802 1
982 970 8
983 951 3
984 450 8
984 941 9
985 467 9
985 177 2
985 609 7
985 892 1
985 598 6
986 199 2
986 620 9
987 999 7
987 600 2
987 246 8
987 473 5
987 901 3
987 99 1
989 816 6
990 952 10
990 903 5
991 183 1
991 267 4
991 582 2
991 719 10
991 625 1
991 255 1
992 285 9
992 141 8
993 251 4
993 482 3
994 844 2
994 594 6
996 988 1
996 254 2
996 993 7
997 436 7
997 784 5
998 255 1
998 553 1
998 596 7
999 674 2
999 363 1
999 594 6
999 544 4
1000 590 4
1000 309 9
1000 331 6
1000 90 9
1000 641 10