1 133 1
2 133 10
3 83 5
4 82 9
5 186 2
6 161 10
7 187 9
8 123 10
9 131 4
10 61 2
11 17 1
12 151 10
13 127 1
14 130 6
15 137 3
16 174 1
17 66 9
18 168 9
19 121 10
20 72 4
21 105 1
22 107 7
23 35 7
24 87 7
25 126 10
26 192 6
27 155 4
28 74 9
29 66 10
30 192 9
31 73 4
32 95 4
33 99 9
34 64 2
35 159 5
36 189 7
37 49 4
38 105 1
39 196 1
40 47 7
41 141 8
42 98 8
43 153 9
44 131 10
45 99 1
46 89 1
47 52 5
48 127 1
49 93 10
50 128 7
51 120 2
52 55 8
53 193 10
54 64 8
55 172 9
56 80 2
57 157 8
58 59 1
59 170 2
60 87 6
61 199 6
62 132 8
63 170 4
64 166 9
65 180 7
66 77 7
67 175 2
68 154 10
69 134 3
70 84 5
71 96 7
72 91 9
73 185 2
74 192 8
75 104 1
76 166 2
77 98 8
78 112 8
79 138 8
80 185 1
81 158 9
82 160 5
83 143 8
84 111 8
85 132 6
86 120 3
87 198 10
88 162 1
89 160 9
90 110 9
91 174 2
92 176 10
93 188 10
94 108 2
95 103 1
96 193 3
97 186 2
98 143 4
99 188 7
100 184 3
101 162 6
102 131 6
103 141 5
104 120 10
105 169 6
106 126 9
107 197 9
108 191 4
109 133 7
110 147 1
111 118 1
112 164 7
113 157 7
114 186 5
115 160 9
116 162 2
117 138 5
118 124 4
119 128 7
120 170 9
121 129 8
122 126 2
123 124 8
124 148 10
125 148 5
126 129 6
127 153 4
128 166 4
129 158 9
130 171 7
131 172 5
132 167 10
133 134 2
134 153 8
135 197 10
136 155 4
137 186 1
138 151 6
139 186 1
140 193 5
141 153 8
142 169 10
143 174 5
144 196 5
145 164 8
146 157 4
147 160 1
148 180 3
149 196 3
150 171 7
151 173 7
152 199 5
153 191 3
154 169 9
155 198 10
156 194 5
157 200 1
158 163 6
159 162 3
160 164 6
161 172 10
162 199 7
163 197 6
164 196 4
165 178 4
166 170 5
167 172 6
168 169 4
169 179 3
170 193 10
171 186 6
172 193 7
173 192 2
174 183 9
175 179 9
176 185 7
177 190 6
178 184 2
179 193 10
180 195 6
181 196 8
182 195 1
183 198 1
184 186 10
185 196 7
186 189 1
187 191 2
188 199 10
189 199 10
190 196 4
191 196 2
192 196 8
193 197 2
194 198 1
195 200 10
196 200 9
197 199 9
198 199 10
199 200 6
2 1 9
4 2 2
6 6 10
8 5 1
10 5 1
12 12 1
14 3 5
16 6 3
18 12 8
20 16 1
22 19 7
24 17 3
26 5 6
28 9 7
30 17 3
32 1 4
34 2 8
36 15 1
38 9 2
40 13 5
42 14 4
44 20 8
46 42 10
48 10 9
50 14 10
52 9 9
54 28 8
56 27 4
58 16 9
60 23 10
62 59 8
64 44 9
66 26 10
68 52 9
70 32 2
72 53 4
74 71 1
76 25 7
78 52 2
80 23 4
82 39 6
84 52 3
86 85 3
88 84 7
90 16 9
92 86 9
94 38 4
96 59 2
98 15 6
100 40 7
102 57 5
104 88 10
106 96 2
108 48 4
110 57 9
112 84 4
114 113 4
116 82 5
118 90 1
120 69 6
122 32 6
124 34 7
126 16 6
128 115 9
130 26 8
132 77 5
134 4 1
136 32 4
138 116 8
140 101 1
142 66 8
144 85 6
146 107 8
148 27 9
150 37 6
152 144 5
154 45 5
156 24 10
158 106 10
160 97 10
162 144 3
164 72 8
166 21 4
168 82 9
170 84 8
172 79 2
174 70 6
176 91 9
178 132 9
180 152 1
182 107 2
184 81 2
186 81 1
188 40 8
190 5 6
192 63 9
194 143 7
196 47 7
198 61 10
163 15 4
61 172 5
53 130 9
195 46 6
67 176 9
57 92 8
157 4 7
199 86 2
200 197 4