1 43 9
2 135 8
3 69 7
4 83 5
5 74 2
6 202 9
7 285 7
8 20 3
9 316 1
10 135 7
11 395 1
12 229 10
13 48 8
14 292 6
15 77 1
16 214 7
17 303 2
18 234 4
19 216 10
20 265 1
21 291 1
22 81 7
23 84 2
24 164 10
25 114 7
26 248 4
27 163 5
28 51 1
29 307 9
30 364 2
31 110 1
32 387 10
33 145 2
34 113 7
35 288 2
36 333 6
37 302 10
38 46 9
39 111 4
40 128 7
41 118 8
42 125 2
43 49 7
44 224 1
45 142 10
46 392 7
47 249 1
48 398 6
49 129 2
50 345 3
51 201 2
52 81 4
53 115 2
54 368 9
55 102 1
56 253 10
57 92 5
58 274 7
59 355 3
60 280 4
61 281 8
62 346 10
63 98 1
64 332 9
65 318 5
66 204 9
67 289 1
68 218 7
69 206 8
70 318 1
71 253 10
72 81 10
73 237 2
74 232 10
75 117 4
76 108 8
77 260 8
78 202 10
79 144 4
80 377 3
81 303 10
82 271 4
83 179 6
84 103 8
85 245 3
86 183 3
87 134 4
88 248 6
89 288 7
90 224 6
91 150 2
92 339 1
93 397 10
94 300 10
95 342 8
96 221 1
97 157 1
98 170 9
99 197 9
100 313 9
101 287 6
102 362 4
103 279 1
104 234 2
105 140 2
106 362 10
107 342 8
108 276 9
109 303 9
110 380 5
111 148 2
112 398 8
113 242 10
114 137 9
115 152 4
116 125 4
117 196 2
118 389 4
119 240 9
120 287 1
121 320 8
122 370 6
123 324 10
124 390 7
125 141 3
126 200 3
127 332 2
128 139 7
129 206 4
130 346 2
131 364 10
132 243 10
133 178 3
134 230 4
135 231 5
136 308 7
137 235 2
138 336 2
139 191 2
140 298 3
141 355 6
142 283 9
143 162 4
144 285 5
145 209 9
146 353 1
147 370 6
148 315 10
149 151 6
150 266 8
151 272 5
152 260 5
153 199 6
154 352 10
155 294 3
156 161 8
157 288 1
158 178 8
159 265 8
160 351 9
161 291 6
162 219 2
163 255 1
164 311 10
165 238 9
166 186 10
167 288 2
168 262 7
169 212 2
170 389 7
171 211 8
172 273 1
173 301 3
174 273 10
175 352 1
176 388 6
177 320 3
178 206 2
179 395 8
180 333 4
181 300 10
182 245 7
183 268 1
184 334 8
185 280 7
186 384 9
187 233 1
188 346 8
189 376 1
190 367 2
191 328 4
192 232 2
193 236 10
194 256 7
195 300 8
196 290 3
197 373 6
198 349 10
199 206 9
200 264 3
201 373 8
202 299 1
203 384 2
204 310 10
205 368 7
206 207 6
207 335 5
208 316 4
209 342 5
210 242 2
211 213 1
212 374 4
213 395 1
214 337 4
215 326 8
216 221 7
217 352 10
218 339 3
219 254 2
220 304 8
221 262 4
222 346 3
223 365 8
224 375 5
225 236 2
226 238 7
227 273 9
228 299 9
229 234 4
230 358 7
231 352 6
232 377 3
233 324 9
234 374 5
235 374 4
236 263 2
237 382 10
238 270 6
239 242 8
240 375 1
241 279 3
242 260 8
243 354 5
244 284 8
245 334 3
246 342 7
247 318 6
248 344 4
249 379 4
250 256 8
251 300 6
252 264 1
253 328 1
254 347 2
255 294 3
256 379 10
257 282 8
258 279 9
259 400 6
260 384 2
261 295 7
262 300 6
263 384 6
264 333 8
265 333 1
266 328 10
267 276 10
268 343 2
269 328 1
270 280 9
271 373 1
272 325 10
273 379 8
274 311 1
275 383 3
276 397 6
277 304 2
278 395 2
279 294 9
280 392 3
281 327 5
282 394 9
283 302 10
284 322 1
285 383 10
286 296 4
287 371 1
288 312 8
289 334 2
290 310 5
291 296 2
292 329 3
293 339 9
294 364 2
295 312 10
296 350 10
297 336 9
298 354 8
299 328 5
300 371 5
301 351 10
302 390 1
303 328 10
304 324 5
305 363 10
306 346 10
307 362 10
308 379 9
309 371 4
310 344 5
311 376 8
312 357 9
313 370 3
314 398 9
315 383 4
316 377 6
317 394 10
318 361 4
319 333 5
320 334 2
321 358 10
322 391 6
323 364 5
324 394 6
325 338 8
326 397 4
327 359 3
328 360 6
329 396 7
330 349 2
331 358 8
332 339 5
333 385 7
334 342 9
335 339 10
336 351 9
337 384 7
338 392 6
339 400 9
340 393 7
341 352 8
342 357 5
343 362 6
344 375 5
345 378 4
346 348 7
347 393 8
348 364 9
349 398 4
350 381 6
351 398 4
352 390 9
353 397 8
354 381 5
355 360 9
356 395 10
357 393 1
358 362 5
359 360 5
360 379 7
361 384 8
362 365 1
363 373 4
364 378 2
365 399 10
366 396 7
367 372 3
368 388 4
369 384 8
370 398 9
371 381 1
372 387 5
373 386 8
374 397 5
375 387 6
376 387 6
377 390 3
378 380 9
379 400 6
380 390 1
381 393 8
382 398 5
383 397 5
384 392 3
385 390 9
386 398 8
387 391 4
388 391 1
389 390 5
390 393 5
391 397 4
392 397 10
393 394 6
394 400 2
395 397 6
396 399 3
397 398 10
398 399 1
399 400 5
2 2 5
4 4 1
6 1 7
8 5 10
10 7 1
12 4 4
14 9 10
16 9 5
18 1 4
20 3 10
22 7 7
24 8 1
26 5 9
28 1 1
30 15 8
32 22 5
34 7 5
36 35 4
38 5 10
40 8 9
42 9 10
44 5 7
46 20 10
48 4 6
50 36 8
52 16 5
54 24 8
56 54 8
58 25 10
60 6 10
62 29 3
64 29 7
66 51 10
68 66 1
70 13 8
72 31 2
74 42 7
76 1 7
78 76 1
80 32 3
82 19 1
84 71 4
86 80 3
88 51 6
90 47 2
92 8 6
94 65 1
96 86 3
98 31 8
100 85 10
102 29 3
104 23 8
106 88 10
108 82 3
110 39 6
112 22 10
114 13 9
116 62 5
118 77 2
120 109 9
122 39 8
124 80 4
126 105 10
128 26 6
130 18 1
132 75 8
134 98 10
136 38 1
138 27 10
140 86 5
142 99 3
144 46 2
146 50 5
148 42 3
150 38 8
152 20 7
154 35 5
156 130 1
158 53 8
160 136 10
162 65 4
164 75 6
166 127 9
168 135 3
170 17 4
172 7 7
174 111 4
176 153 7
178 15 1
180 97 10
182 62 5
184 157 3
186 53 4
188 13 3
190 166 5
192 169 9
194 47 9
196 3 6
198 198 5
200 180 6
202 10 2
204 139 3
206 21 5
208 187 8
210 12 10
212 155 3
214 120 2
216 89 9
218 169 6
220 92 7
222 138 5
224 147 9
226 82 4
228 8 8
230 84 4
232 153 4
234 53 7
236 70 6
238 198 7
240 17 7
242 31 10
244 73 10
246 240 9
248 34 9
250 49 6
252 183 9
254 148 8
256 108 5
258 175 5
260 126 4
262 78 3
264 214 1
266 150 1
268 236 2
270 36 3
272 228 4
274 266 5
276 157 3
278 3 5
280 98 5
282 101 9
284 188 7
286 211 5
288 215 9
290 142 7
292 41 1
294 64 2
296 31 10
298 200 4
300 147 5
302 182 5
304 26 3
306 96 6
308 216 7
310 170 4
312 142 6
314 314 6
316 189 10
318 317 3
320 33 4
322 278 1
324 166 4
326 237 1
328 266 1
330 274 8
332 18 3
334 97 2
336 6 7
338 72 7
340 334 5
342 218 5
344 186 3
346 166 1
348 324 1
350 39 8
352 34 6
354 311 6
356 116 4
358 299 1
360 260 6
362 280 10
364 90 1
366 108 4
368 75 2
370 263 5
372 12 5
374 109 4
376 188 7
378 177 4
380 359 8
382 256 9
384 360 5
386 337 7
388 56 3
390 271 5
392 235 3
394 7 9
396 26 4
398 349 2
339 65 8
259 329 5
249 64 3
400 263 3