1 40 3
2 20 10
3 15 3
4 32 2
5 21 5
6 12 5
7 21 10
8 13 6
9 41 3
10 43 5
11 43 6
12 36 6
13 34 10
14 20 7
15 44 9
16 21 1
17 50 2
18 45 9
19 25 4
20 25 9
21 40 10
22 41 5
23 30 2
24 38 8
25 31 2
26 47 3
27 49 3
28 34 5
29 48 9
30 44 5
31 50 2
32 43 1
33 40 4
34 47 1
35 44 2
36 42 1
37 42 9
38 50 8
39 50 3
40 47 5
41 43 7
42 50 4
43 47 5
44 47 4
45 50 4
46 50 7
47 50 1
48 50 8
49 50 5
2 1 10
6 2 6
8 2 4
10 6 1
14 3 3
16 2 3
18 9 9
22 21 2
24 4 1
26 21 1
28 3 4
30 13 8
32 9 8
36 19 4
38 27 2
40 24 8
42 33 10
44 38 5
46 7 4
48 25 10
35 14 8
16 14 8
4 11 9
40 50 7
25 28 5
12 42 2
4 19 4
32 47 7
46 17 7
48 44 9
14 3 8
9 45 6
24 18 6
48 5 5
8 37 8
25 31 7
17 13 10
41 14 3
41 35 1
23 4 9
6 19 2
34 45 8
41 49 5
46 26 10
7 16 9
23 25 10
22 48 6
42 28 6
42 27 4
7 40 9
37 48 4
13 16 5
36 40 6
37 30 9
23 38 9
8 17 1
22 50 2
33 7 8
13 41 3
5 33 1
33 14 1
18 4 6
5 35 2
17 34 2
1 11 7
40 35 2
22 42 7
22 11 8
6 16 8
1 34 8
19 44 7
39 36 4
25 44 9
39 41 8
2 31 2
29 23 9
30 12 10
29 26 6
32 50 2
8 2 3
38 45 3
41 19 7
5 9 6
22 32 9
5 25 10
16 20 4
46 17 10
11 15 4
42 7 7
8 40 1
8 28 10
29 31 3
5 21 2
26 9 1
46 30 2
6 50 7
16 45 6
5 12 4
15 34 6
45 27 2
37 39 4
40 47 3
22 50 10
12 1 10
11 47 1
48 10 4
37 36 4
1 20 3
30 1 10
47 45 1
46 28 9
17 14 2
8 19 10
29 1 6
10 11 5
22 48 8
39 13 10
25 28 9
30 1 10
29 38 9
39 15 2
29 24 10
23 19 7
19 38 3
34 50 4
26 49 5
46 11 6
46 31 3
20 11 2
22 48 6
17 21 6
14 27 10
29 28 6
21 9 1
26 20 7
10 12 7
1 18 9
42 43 5
10 21 10
43 47 4
34 44 3
8 35 6
30 25 9
24 11 3
2 27 5
2 47 2
48 46 9
33 14 10
29 27 10
23 21 4
8 28 4
24 14 6
22 47 3
12 44 3
5 17 5
37 1 3
1 14 7
2 34 5
30 15 6
44 49 6
26 45 3
33 47 8
40 31 7
40 14 4
5 47 8
21 4 10
24 9 2
17 16 2
8 42 3
48 7 2
28 45 3
48 45 9
8 30 9
40 44 7
46 38 2
33 17 5
17 4 2
19 38 9
30 2 10
32 50 2
7 41 8
18 19 4
33 3 3
16 28 1
30 43 7
2 19 4
13 26 6
42 33 4
22 31 5
10 13 6
5 10 4
5 43 1
9 50 1
23 46 4
8 28 1
33 32 7
11 45 7
13 11 1
22 26 1
28 44 4
36 45 1
30 34 10
2 25 4
48 50 1
22 40 9
32 45 9
8 5 10
46 49 3
46 10 9
49 50 6
6 24 1
24 28 3
36 4 1
39 42 6
29 21 4
22 7 5
8 37 1
7 35 2
16 49 9