1 274 5
2 155 4
3 59 9
4 40 5
5 76 1
6 109 6
7 340 2
8 21 7
9 219 9
10 170 10
11 107 7
12 287 7
13 241 2
14 342 2
15 411 8
16 242 9
17 412 3
18 218 4
19 179 4
20 399 5
21 342 9
22 348 8
23 416 10
24 237 4
25 96 7
26 149 7
27 104 2
28 396 1
29 358 3
30 433 5
31 144 9
32 498 8
33 329 9
34 85 10
35 437 1
36 363 2
37 126 5
38 288 2
39 44 7
40 155 2
41 120 1
42 127 10
43 53 5
44 159 7
45 154 5
46 348 3
47 90 4
48 110 5
49 171 7
50 115 7
51 182 1
52 184 4
53 171 7
54 393 3
55 56 5
56 490 8
57 171 5
58 265 3
59 338 1
60 359 4
61 425 1
62 189 3
63 273 7
64 195 10
65 350 1
66 108 3
67 410 5
68 181 9
69 390 8
70 132 1
71 219 1
72 475 5
73 447 1
74 322 1
75 448 4
76 198 1
77 264 6
78 266 10
79 361 5
80 189 1
81 287 5
82 108 1
83 469 5
84 138 7
85 135 10
86 386 5
87 381 7
88 260 10
89 247 1
90 491 4
91 97 9
92 466 3
93 395 3
94 124 6
95 187 1
96 171 7
97 322 10
98 239 1
99 382 5
100 363 3
101 124 5
102 329 10
103 327 2
104 108 10
105 442 6
106 125 1
107 354 1
108 197 7
109 356 7
110 295 4
111 120 10
112 310 3
113 127 9
114 212 10
115 316 10
116 418 6
117 218 4
118 297 10
119 417 1
120 260 9
121 135 8
122 192 10
123 266 10
124 480 2
125 151 6
126 251 2
127 473 9
128 424 9
129 395 3
130 254 5
131 402 8
132 242 8
133 152 8
134 260 5
135 150 3
136 171 7
137 240 7
138 148 8
139 438 1
140 490 3
141 290 5
142 499 5
143 444 10
144 407 5
145 307 1
146 236 8
147 410 6
148 206 6
149 394 7
150 293 10
151 178 4
152 344 4
153 396 4
154 187 4
155 255 10
156 309 2
157 388 7
158 487 8
159 215 8
160 328 5
161 181 2
162 287 9
163 288 7
164 363 10
165 332 2
166 333 4
167 407 6
168 429 8
169 255 5
170 385 5
171 415 8
172 180 5
173 459 6
174 182 6
175 416 10
176 483 9
177 411 8
178 232 10
179 269 9
180 481 2
181 499 6
182 361 5
183 336 7
184 199 4
185 317 10
186 197 9
187 445 6
188 269 5
189 343 3
190 274 8
191 310 9
192 194 8
193 390 2
194 408 8
195 321 5
196 377 3
197 225 6
198 455 1
199 468 8
200 498 2
201 495 4
202 261 5
203 227 4
204 205 9
205 395 3
206 294 5
207 358 1
208 458 4
209 312 2
210 408 2
211 237 1
212 295 5
213 396 3
214 449 3
215 481 5
216 258 3
217 442 8
218 395 10
219 368 1
220 271 10
221 433 4
222 300 9
223 377 9
224 255 7
225 279 10
226 318 9
227 412 9
228 352 3
229 295 4
230 259 4
231 361 8
232 339 7
233 447 7
234 339 9
235 391 1
236 290 8
237 252 5
238 418 2
239 272 9
240 358 7
241 352 2
242 435 6
243 263 6
244 339 9
245 415 1
246 366 3
247 250 6
248 343 6
249 385 7
250 279 2
251 252 1
252 356 3
253 455 3
254 338 1
255 358 2
256 392 8
257 450 1
258 271 4
259 338 10
260 447 1
261 265 5
262 465 10
263 387 10
264 466 7
265 417 1
266 396 10
267 410 1
268 371 7
269 315 8
270 324 2
271 373 5
272 314 9
273 443 10
274 365 8
275 438 10
276 453 2
277 404 7
278 335 3
279 290 7
280 347 7
281 438 8
282 379 10
283 468 6
284 416 3
285 480 10
286 342 9
287 434 1
288 333 10
289 308 6
290 355 1
291 372 5
292 423 9
293 493 1
294 310 2
295 342 6
296 347 10
297 488 9
298 302 3
299 382 1
300 500 3
301 371 1
302 410 3
303 417 7
304 461 10
305 460 8
306 329 5
307 338 4
308 480 9
309 500 9
310 499 2
311 344 7
312 358 7
313 403 4
314 385 10
315 330 10
316 411 2
317 428 3
318 335 7
319 429 10
320 494 9
321 348 6
322 392 8
323 383 10
324 461 6
325 449 9
326 486 5
327 474 6
328 349 5
329 482 10
330 456 1
331 454 9
332 381 4
333 364 10
334 428 6
335 490 2
336 437 3
337 370 4
338 370 6
339 458 1
340 474 6
341 406 4
342 374 4
343 500 1
344 393 4
345 390 2
346 449 1
347 398 9
348 359 4
349 439 9
350 360 1
351 488 9
352 481 4
353 454 9
354 372 2
355 498 8
356 498 6
357 469 1
358 493 10
359 450 3
360 478 7
361 443 9
362 459 6
363 429 6
364 486 8
365 455 10
366 394 6
367 497 9
368 407 2
369 493 10
370 474 3
371 442 5
372 434 3
373 416 8
374 413 10
375 481 10
376 395 5
377 487 1
378 464 3
379 441 3
380 393 10
381 445 4
382 443 4
383 400 2
384 392 3
385 492 10
386 494 8
387 436 8
388 452 3
389 495 1
390 426 8
391 422 10
392 497 2
393 490 6
394 419 3
395 466 10
396 417 5
397 428 8
398 488 8
399 417 5
400 486 10
401 479 8
402 407 9
403 499 7
404 424 2
405 476 3
406 485 5
407 485 6
408 444 8
409 473 8
410 499 5
411 496 9
412 500 3
413 453 3
414 465 10
415 494 10
416 434 2
417 465 3
418 436 2
419 466 2
420 444 9
421 477 1
422 435 10
423 495 8
424 500 5
425 498 1
426 451 8
427 467 4
428 447 2
429 481 5
430 497 8
431 447 3
432 467 9
433 448 7
434 494 10
435 483 1
436 454 9
437 448 9
438 467 3
439 496 2
440 477 1
441 456 4
442 451 3
443 458 10
444 481 8
445 491 7
446 490 3
447 448 5
448 487 4
449 452 3
450 466 9
451 469 5
452 469 6
453 481 8
454 487 1
455 457 4
456 483 4
457 462 2
458 471 5
459 482 9
460 482 3
461 495 6
462 498 1
463 482 6
464 491 3
465 485 10
466 476 10
467 469 4
468 480 10
469 489 7
470 473 10
471 472 5
472 481 6
473 479 3
474 488 7
475 498 7
476 496 4
477 480 2
478 479 6
479 492 4
480 495 10
481 493 2
482 484 1
483 491 1
484 493 9
485 495 8
486 490 10
487 490 7
488 492 4
489 498 8
490 498 6
491 492 7
492 495 7
493 496 3
494 495 3
495 499 9
496 498 9
497 499 2
498 500 4
499 500 1
2 1 3
4 4 1
6 4 5
8 2 2
10 9 8
12 2 3
14 13 4
16 4 4
18 3 3
20 1 7
22 20 9
24 18 9
26 11 5
28 25 8
30 12 4
32 17 4
34 1 2
36 36 5
38 20 2
40 3 2
42 37 9
44 38 10
46 7 9
48 26 6
50 40 4
52 39 4
54 45 2
56 15 10
58 37 9
60 18 6
62 3 8
64 41 2
66 17 2
68 47 9
70 17 6
72 50 8
74 10 8
76 53 9
78 7 9
80 21 4
82 30 9
84 6 9
86 63 3
88 78 3
90 24 10
92 74 2
94 12 3
96 44 5
98 94 1
100 6 4
102 35 4
104 85 3
106 33 1
108 89 3
110 86 2
112 61 3
114 32 7
116 36 6
118 77 2
120 74 8
122 40 2
124 32 3
126 81 1
128 5 4
130 111 5
132 20 2
134 6 8
136 91 8
138 81 6
140 89 1
142 101 4
144 97 10
146 49 8
148 146 3
150 130 7
152 102 7
154 66 7
156 4 10
158 26 9
160 130 9
162 40 2
164 78 7
166 58 5
168 77 6
170 89 9
172 78 9
174 14 7
176 142 7
178 103 1
180 49 7
182 96 9
184 7 9
186 150 1
188 188 8
190 43 3
192 6 9
194 156 1
196 151 9
198 1 5
200 39 4
202 32 1
204 119 7
206 203 5
208 153 2
210 210 7
212 85 1
214 189 9
216 133 6
218 96 10
220 172 2
222 206 8
224 205 5
226 79 2
228 77 2
230 190 10
232 215 9
234 216 2
236 102 5
238 66 5
240 188 4
242 47 9
244 217 6
246 125 8
248 30 3
250 215 2
252 244 5
254 220 4
256 151 5
258 4 7
260 255 8
262 44 3
264 226 1
266 19 1
268 74 9
270 8 1
272 29 2
274 187 10
276 244 7
278 178 3
280 240 8
282 178 2
284 42 2
286 258 5
288 108 10
290 25 6
292 202 6
294 139 7
296 284 7
298 38 8
300 284 10
302 247 6
304 232 2
306 35 1
308 208 10
310 240 10
312 45 8
314 273 6
316 1 6
318 209 6
320 181 6
322 110 3
324 228 8
326 152 4
328 25 1
330 60 9
332 137 10
334 177 8
336 21 4
338 315 8
340 94 7
342 40 4
344 208 4
346 271 10
348 174 1
350 264 1
352 40 5
354 336 10
356 123 6
358 141 2
360 346 8
362 352 9
364 343 10
366 239 2
368 129 9
370 204 8
372 173 8
374 19 4
376 4 5
378 313 1
380 292 9
382 243 8
384 199 10
386 27 7
388 37 3
390 134 8
392 231 7
394 212 7
396 50 2
398 64 8
400 70 5
402 36 8
404 213 10
406 311 9
408 324 6
410 217 7
412 289 5
414 22 2
416 299 4
418 360 9
420 15 2
422 81 2
424 255 1
426 260 3
428 161 3
430 331 8
432 223 9
434 319 2
436 340 9
438 54 4
440 184 9
442 283 4
444 351 8
446 5 8
448 166 7
450 395 1
452 98 8
454 47 8
456 107 9
458 398 6
460 256 7
462 432 8
464 104 4
466 418 2
468 281 7
470 187 6
472 380 4
474 474 9
476 232 7
478 167 5
480 244 10
482 349 6
484 21 10
486 327 1
488 105 7
490 114 1
492 423 7
494 18 9
496 475 3
498 136 1