1 25 2
2 22 1
3 19 1
4 39 4
5 14 2
6 50 8
7 31 4
8 20 4
9 16 7
10 28 7
11 26 1
12 31 10
13 48 10
14 20 1
15 44 9
16 43 7
17 29 4
18 34 4
19 42 5
20 48 2
21 22 10
22 49 5
23 39 4
24 25 9
25 26 4
26 39 10
27 35 6
28 35 3
29 46 7
30 50 4
31 42 2
32 47 2
33 48 10
34 44 4
35 44 6
36 48 5
37 40 8
38 39 8
39 41 1
40 46 1
41 44 10
42 45 5
43 47 4
44 50 4
45 46 8
46 49 9
47 50 10
48 49 10
49 50 4
2 1 1
4 1 2
6 4 2
8 1 4
10 7 2
14 13 3
18 2 5
20 19 2
22 13 1
24 14 10
28 9 3
30 17 1
32 19 4
34 32 2
36 23 3
38 33 9
40 33 3
42 38 7
46 15 9
8 33 1