1 131 5
2 84 2
3 175 1
4 140 7
5 194 6
6 225 8
7 147 1
8 11 2
9 294 4
10 287 5
11 92 8
12 100 4
13 161 8
14 28 8
15 117 9
16 74 9
17 76 6
18 206 10
19 285 4
20 129 1
21 283 6
22 103 3
23 173 4
24 249 2
25 45 6
26 163 2
27 257 2
28 134 2
29 266 8
30 250 6
31 282 2
32 147 3
33 145 4
34 118 9
35 294 8
36 221 10
37 135 1
38 233 1
39 148 1
40 112 8
41 88 3
42 50 1
43 138 1
44 180 4
45 213 4
46 281 5
47 227 5
48 212 9
49 56 3
50 113 1
51 213 10
52 276 10
53 160 7
54 159 10
55 179 8
56 185 4
57 139 4
58 140 9
59 210 4
60 86 1
61 266 3
62 258 6
63 244 10
64 190 6
65 263 2
66 124 5
67 209 10
68 128 5
69 258 4
70 124 1
71 175 8
72 114 9
73 165 1
74 134 8
75 172 7
76 206 10
77 139 4
78 285 9
79 135 10
80 117 4
81 177 7
82 209 9
83 125 2
84 218 5
85 162 2
86 274 8
87 133 2
88 150 5
89 205 1
90 112 3
91 270 2
92 141 1
93 156 1
94 250 10
95 169 4
96 213 5
97 187 7
98 268 1
99 296 7
100 285 10
101 267 9
102 232 8
103 294 5
104 208 8
105 113 10
106 203 5
107 288 7
108 141 3
109 235 10
110 268 7
111 203 10
112 203 9
113 249 6
114 216 4
115 220 8
116 132 8
117 247 10
118 205 10
119 124 5
120 271 9
121 209 4
122 194 3
123 291 6
124 268 6
125 277 1
126 140 3
127 255 5
128 243 7
129 177 7
130 230 10
131 252 2
132 222 2
133 216 8
134 154 4
135 294 4
136 280 4
137 293 7
138 269 6
139 260 8
140 272 7
141 189 4
142 231 5
143 253 5
144 231 5
145 252 5
146 293 2
147 235 8
148 249 4
149 203 1
150 297 10
151 163 6
152 186 9
153 199 8
154 201 2
155 200 1
156 253 6
157 287 10
158 268 8
159 243 4
160 289 2
161 284 3
162 188 7
163 195 8
164 246 8
165 226 6
166 283 9
167 239 5
168 173 10
169 196 5
170 173 1
171 192 3
172 248 3
173 182 9
174 256 9
175 285 5
176 179 6
177 214 8
178 208 5
179 273 8
180 282 5
181 236 8
182 236 8
183 285 3
184 213 3
185 231 5
186 217 10
187 249 7
188 221 9
189 226 6
190 249 9
191 195 7
192 295 8
193 290 7
194 274 7
195 216 5
196 218 10
197 292 2
198 240 8
199 283 6
200 263 7
201 225 8
202 223 10
203 253 4
204 241 4
205 275 9
206 207 8
207 218 1
208 280 3
209 217 8
210 270 6
211 265 4
212 248 8
213 292 3
214 225 7
215 263 5
216 248 6
217 276 10
218 298 10
219 242 8
220 243 10
221 258 3
222 232 1
223 268 9
224 230 6
225 253 8
226 288 10
227 229 5
228 263 10
229 244 9
230 254 7
231 238 3
232 254 6
233 258 8
234 279 10
235 248 9
236 287 4
237 296 3
238 300 4
239 244 9
240 285 5
241 258 2
242 280 2
243 259 3
244 271 1
245 263 3
246 283 5
247 252 2
248 299 2
249 296 4
250 293 7
251 299 8
252 282 7
253 293 9
254 264 9
255 262 6
256 281 6
257 296 2
258 288 3
259 294 9
260 285 3
261 286 2
262 269 7
263 297 5
264 283 9
265 289 9
266 282 5
267 298 2
268 298 5
269 273 9
270 284 6
271 299 3
272 291 1
273 277 3
274 289 7
275 290 9
276 290 2
277 289 3
278 283 6
279 296 9
280 297 7
281 299 7
282 300 1
283 297 1
284 287 10
285 298 10
286 299 1
287 290 8
288 296 3
289 299 9
290 295 1
291 299 10
292 294 10
293 299 8
294 300 10
295 299 9
296 300 10
297 299 10
298 299 8
299 300 6
2 1 8
4 1 2
6 4 2
8 4 5
10 8 7
12 8 9
14 7 9
16 6 4
18 17 5
20 5 6
22 20 8
24 3 5
26 3 9
28 21 10
30 12 5
32 32 2
34 31 1
36 2 4
38 9 6
40 23 3
42 26 8
44 40 10
46 33 3
48 44 6
50 32 1
52 28 7
54 11 4
56 43 2
58 14 7
60 16 5
62 56 3
64 34 2
66 30 6
68 56 10
70 18 4
72 69 6
74 35 10
76 43 3
78 56 9
80 70 4
82 52 4
84 31 10
86 45 9
88 3 10
90 36 5
92 47 5
94 60 3
96 66 10
98 4 9
100 45 3
102 40 2
104 12 7
106 70 2
108 57 1
110 51 10
112 98 5
114 29 2
116 69 6
118 77 3
120 114 2
122 66 6
124 100 10
126 49 1
128 108 2
130 34 1
132 67 7
134 124 9
136 135 2
138 72 9
140 99 8
142 56 8
144 142 2
146 38 6
148 128 2
150 20 1
152 86 6
154 98 4
156 145 9
158 95 4
160 109 10
162 14 8
164 158 6
166 98 9
168 153 9
170 152 6
172 125 1
174 109 5
176 138 3
178 145 8
180 119 1
182 128 4
184 182 6
186 134 1
188 143 7
190 11 4
192 69 7
194 17 1
196 4 8
198 150 9
200 190 10
202 83 6
204 90 3
206 114 6
208 96 7
210 159 4
212 25 7
214 178 2
216 193 6
218 137 9
220 16 2
222 142 3
224 63 2
226 154 5
228 90 9
230 38 3
232 124 3
234 166 9
236 58 4
238 188 1
240 67 10
242 23 5
244 228 5
246 243 6
248 186 2
250 85 10
252 215 6
254 242 1
256 11 8
258 29 4
260 88 5
262 199 5
264 81 6
266 24 5
268 132 6
270 48 8
272 183 3
274 49 5
276 235 2
278 202 7
280 127 7
282 251 5
284 228 1
286 231 8
288 204 3
290 204 6
292 169 2
294 133 7
296 272 2
298 165 2
289 187 3
111 275 4
297 135 3
271 153 10
293 108 6
299 177 9