1 12 4
2 78 2
3 88 4
4 85 9
5 31 1
6 68 3
7 29 6
8 73 1
9 30 6
10 67 9
11 49 5
12 41 3
13 39 5
14 16 6
15 93 7
16 85 10
17 56 10
18 97 8
19 85 3
20 38 8
21 48 2
22 52 9
23 65 10
24 77 7
25 47 7
26 70 7
27 84 4
28 100 9
29 92 10
30 53 5
31 38 7
32 60 9
33 61 3
34 37 5
35 60 5
36 72 1
37 38 9
38 52 10
39 58 4
40 79 6
41 62 3
42 90 1
43 86 2
44 64 7
45 76 1
46 48 9
47 85 1
48 75 3
49 62 8
50 53 6
51 63 1
52 83 2
53 60 4
54 58 3
55 100 2
56 64 8
57 97 2
58 74 10
59 64 1
60 95 2
61 95 4
62 83 9
63 81 7
64 88 8
65 100 1
66 88 10
67 68 1
68 81 5
69 79 3
70 99 7
71 73 8
72 74 8
73 98 2
74 89 2
75 97 8
76 99 6
77 87 8
78 80 4
79 88 7
80 97 8
81 96 3
82 97 5
83 93 1
84 90 9
85 96 7
86 90 2
87 100 6
88 95 2
89 93 7
90 95 3
91 97 7
92 94 6
93 95 3
94 97 9
95 98 6
96 98 7
97 99 1
98 100 6
99 100 6
4 1 10