1 184 10
2 191 10
3 72 1
4 109 3
5 45 4
6 98 1
7 122 4
8 142 7
9 18 6
10 130 6
11 76 4
12 128 9
13 188 5
14 189 4
15 104 8
16 119 1
17 122 5
18 87 7
19 94 10
20 176 9
21 43 2
22 33 8
23 73 2
24 152 9
25 139 2
26 157 3
27 127 8
28 195 8
29 83 9
30 54 8
31 38 4
32 161 3
33 76 9
34 38 4
35 39 8
36 149 8
37 139 3
38 92 10
39 172 3
40 188 10
41 58 5
42 75 1
43 166 7
44 102 6
45 47 4
46 85 1
47 99 4
48 62 1
49 139 3
50 134 5
51 109 5
52 193 3
53 86 9
54 117 3
55 161 10
56 185 4
57 178 2
58 138 9
59 134 1
60 147 8
61 114 8
62 105 2
63 130 7
64 134 9
65 108 2
66 113 3
67 171 3
68 168 9
69 191 2
70 199 4
71 185 10
72 147 9
73 181 7
74 83 6
75 165 5
76 146 4
77 158 7
78 153 5
79 180 7
80 154 6
81 148 1
82 143 4
83 94 3
84 151 4
85 194 7
86 148 7
87 90 8
88 151 4
89 181 8
90 186 8
91 136 7
92 139 9
93 171 7
94 198 10
95 148 2
96 193 7
97 186 3
98 193 4
99 163 6
100 193 5
101 166 10
102 168 5
103 108 6
104 155 1
105 165 1
106 197 6
107 177 4
108 139 7
109 166 9
110 120 5
111 179 2
112 135 10
113 150 1
114 165 2
115 158 7
116 164 4
117 179 6
118 148 6
119 143 1
120 132 10
121 190 7
122 187 8
123 133 3
124 150 9
125 129 5
126 137 8
127 163 2
128 174 6
129 132 1
130 194 7
131 156 6
132 164 7
133 166 5
134 181 9
135 153 3
136 170 6
137 190 7
138 191 3
139 141 1
140 187 10
141 192 8
142 158 6
143 162 9
144 156 1
145 193 6
146 148 9
147 172 6
148 175 4
149 198 5
150 185 5
151 163 9
152 154 10
153 170 3
154 164 3
155 176 7
156 171 1
157 184 5
158 162 6
159 174 6
160 187 6
161 195 6
162 187 3
163 199 8
164 168 6
165 187 1
166 175 1
167 197 9
168 171 2
169 186 7
170 188 7
171 190 6
172 190 10
173 199 2
174 196 5
175 184 4
176 197 6
177 190 9
178 199 10
179 186 6
180 195 2
181 191 5
182 191 8
183 196 10
184 191 3
185 194 8
186 189 9
187 189 8
188 197 5
189 190 9
190 192 8
191 197 1
192 196 1
193 199 4
194 196 9
195 198 9
196 197 2
197 199 3
198 199 5
199 200 6
4 2 7