1 70 5
2 58 6
3 131 6
4 153 3
5 183 7
6 116 4
7 135 4
8 101 1
9 158 1
10 165 2
11 161 6
12 131 1
13 144 5
14 69 2
15 176 4
16 154 1
17 173 4
18 110 3
19 53 1
20 191 1
21 47 10
22 73 5
23 71 9
24 109 10
25 141 1
26 121 1
27 195 4
28 65 4
29 123 8
30 31 8
31 60 3
32 170 4
33 187 8
34 166 7
35 96 3
36 84 10
37 188 1
38 99 1
39 111 7
40 155 4
41 104 1
42 92 1
43 100 7
44 164 2
45 98 9
46 157 3
47 95 7
48 63 10
49 140 5
50 124 2
51 131 7
52 75 8
53 124 1
54 71 6
55 178 4
56 161 4
57 191 8
58 60 4
59 79 2
60 68 2
61 69 4
62 185 3
63 138 2
64 97 9
65 156 5
66 132 2
67 113 8
68 172 4
69 181 10
70 108 4
71 196 8
72 189 6
73 183 10
74 77 4
75 185 1
76 126 1
77 161 9
78 198 1
79 152 1
80 161 10
81 172 10
82 85 5
83 194 10
84 97 9
85 88 6
86 181 10
87 139 10
88 182 2
89 121 1
90 156 5
91 113 5
92 129 3
93 154 9
94 118 6
95 140 10
96 184 7
97 117 5
98 99 1
99 182 9
100 142 3
101 192 2
102 145 3
103 127 5
104 137 9
105 190 3
106 195 5
107 176 3
108 141 4
109 157 6
110 152 9
111 123 10
112 189 1
113 158 5
114 172 4
115 124 9
116 136 6
117 163 6
118 192 4
119 137 6
120 159 8
121 175 1
122 171 9
123 137 4
124 200 9
125 139 7
126 149 3
127 170 3
128 197 6
129 167 6
130 196 10
131 148 2
132 152 4
133 165 8
134 173 10
135 187 5
136 140 2
137 183 8
138 160 6
139 157 5
140 163 2
141 165 10
142 160 6
143 177 7
144 170 5
145 159 5
146 168 1
147 168 1
148 182 10
149 179 5
150 193 4
151 167 5
152 166 1
153 196 6
154 196 4
155 191 9
156 167 9
157 178 10
158 166 9
159 172 2
160 168 8
161 186 5
162 175 1
163 165 7
164 200 1
165 178 3
166 174 3
167 173 8
168 195 9
169 184 8
170 175 8
171 186 3
172 183 4
173 181 1
174 199 2
175 195 7
176 183 4
177 189 3
178 191 10
179 189 9
180 183 2
181 183 5
182 194 6
183 194 8
184 195 10
185 186 5
186 189 9
187 192 1
188 193 10
189 196 1
190 196 5
191 197 10
192 193 7
193 196 3
194 196 1
195 199 9
196 197 8
197 200 1
198 199 7
199 200 2
2 2 10
4 1 5
6 6 2
8 3 10
10 7 7
12 8 6
14 10 7
16 7 4
18 5 2
20 3 9
22 7 3
24 3 2
26 26 5
28 15 3
30 28 7
32 30 3
34 1 10
36 26 4
38 32 5
40 37 4
42 22 4
44 15 5
46 22 2
48 40 8
50 15 3
52 28 6
54 42 6
56 32 9
58 12 3
60 35 3
62 20 4
64 51 10
66 56 8
68 35 7
70 31 8
72 28 3
74 56 1
76 30 6
78 45 1
80 72 7
82 22 8
84 73 7
86 3 2
88 32 6
90 45 10
92 48 7
94 3 5
96 83 10
98 19 9
100 46 1
102 71 7
104 75 4
106 52 6
108 1 4
110 49 10
112 78 9
114 26 8
116 109 2
118 17 7
120 7 10
122 53 8
124 6 10
126 111 1
128 63 9
130 107 6
132 112 2
134 70 7
136 17 6
138 28 5
140 53 1
142 57 2
144 2 8
146 7 5
148 74 4
150 37 1
152 33 6
154 61 10
156 31 7
158 152 1
160 26 8
162 10 8
164 98 5
166 60 1
168 163 7
170 17 10
172 112 7
174 173 5
176 14 4
178 169 6
180 11 7
182 36 2
184 81 7
186 135 9
188 178 1
190 9 3
192 167 1
194 50 3
196 95 7
198 180 4
195 170 5
155 57 7
199 127 9
197 163 10
200 37 9