1 6 9
2 44 10
3 38 1
4 12 10
5 18 8
6 25 9
7 44 7
8 41 2
9 17 3
10 29 9
11 21 10
12 27 3
13 28 9
14 29 10
15 32 3
16 46 3
17 47 4
18 48 6
19 29 8
20 38 9
21 40 9
22 43 8
23 47 3
24 25 4
25 46 10
26 45 9
27 28 8
28 42 3
29 48 2
30 40 5
31 50 7
32 49 9
33 44 6
34 37 4
35 39 9
36 45 2
37 38 4
38 44 3
39 44 3
40 49 2
41 48 4
42 43 6
43 46 5
44 48 10
45 46 7
46 47 10
47 49 4
48 49 4
49 50 6
4 2 7
6 5 9
8 7 9
10 8 8
12 3 4
14 4 6
16 2 5
18 9 8
22 3 7
24 3 1
26 24 7
28 7 4
30 8 4
32 9 8
34 26 5
36 11 3
38 31 7
40 19 6
42 1 9
44 43 9
39 40 3
45 11 9
31 44 8
39 46 6
16 4 2
39 47 6
34 13 2
20 38 2
36 50 10
12 13 6
32 45 8
48 43 1
28 8 8
23 27 5
36 39 8
32 20 7
27 45 8
7 49 8
21 19 5
28 36 10
4 49 9
22 12 4
33 26 5
4 23 1
16 32 8
31 5 7
15 37 2
27 13 4
38 49 1
38 25 8
32 43 2
28 26 9
41 3 8
18 46 2
25 21 7
24 10 7
34 11 9
17 46 4
34 1 6
12 50 9
16 5 2
33 34 10
12 6 9
5 49 8
41 32 4
20 5 8
34 17 8
16 13 7
13 20 6
34 44 6
2 1 2
18 43 1
37 27 1
2 31 7
30 27 7
33 13 9
18 47 7
18 48 2
45 11 3
39 3 3
27 10 6
14 12 4
12 43 4
20 49 7
24 17 8
32 2 3
38 40 8
23 45 7
20 48 8
25 21 6
27 39 5
12 8 3
17 43 1
8 29 9
29 18 6
23 38 10
14 3 1
17 50 5
37 26 4
9 49 8
13 43 3
20 48 3
14 21 8
35 49 2
39 11 10
23 40 3
45 42 6
19 7 9
33 5 7
34 39 4
33 44 4
31 29 6
39 17 10
34 20 6
26 35 5
42 18 9
45 9 10
27 26 4
26 3 1
35 21 4
41 18 5
24 32 8
2 35 7
28 5 6
16 24 2
22 31 9
37 24 9
31 5 3
21 18 5
30 14 1
40 44 6
34 9 6
20 3 10
25 40 2
11 6 1
10 9 6
20 49 1
1 50 9
37 28 1
10 3 9
2 45 5
23 31 8
10 43 9
35 38 2
36 5 8
14 42 1
22 41 5
13 3 2
16 10 5
15 36 2
22 37 5
6 40 3
22 2 8
33 16 8
42 11 4
7 44 9
28 2 9
7 47 4
22 2 7
35 48 9
35 5 5
32 18 3
36 44 9
16 44 7
20 7 7
38 31 1
36 24 6
9 47 1
44 46 8
28 32 4
8 18 10
34 23 6
27 48 6
4 21 5
28 2 10
32 29 3
23 9 2
31 40 2
16 43 10
11 7 4
41 44 7
41 20 7
13 46 9
45 18 10
5 43 4
12 24 9
4 49 7
15 4 7
45 9 1
41 17 1
27 18 3
22 3 5
33 29 8
30 25 9
34 26 8
1 40 1
1 17 7
22 4 4
33 12 6
30 42 1
11 7 3
32 40 8
4 48 8
31 44 2
26 18 6
28 44 2
34 17 3
14 48 1
14 2 10
22 47 6
15 17 1
8 47 5
21 9 6
42 46 3
37 13 10
38 49 8
44 47 2
15 36 4
14 38 3
23 38 2
37 35 6
13 5 2
36 5 1
28 46 2
32 38 5
39 25 3
3 19 7
1 21 5
11 9 10
7 48 6
4 35 2
23 35 2
16 24 9
17 46 9
8 5 8
24 42 6
41 35 6
20 7 2
10 18 8
12 11 1
42 18 4
37 45 2
2 1 6
28 25 6
45 42 3
4 10 1
8 43 8
48 47 3
15 50 5
38 19 4
36 42 3
37 50 10
30 38 9
34 15 5
12 48 8
23 5 10
39 40 6
14 18 6
33 20 2
26 20 8
2 29 6
32 19 8
39 3 6
44 49 9
27 18 3
6 21 1
13 17 9
36 49 9
14 20 4
45 43 10
13 50 6
23 37 3
28 39 6
14 17 1
45 46 7
41 44 4
37 35 6
27 32 2
30 42 3