1 3 9
1 7 1
1 63 1
1 73 10
1 313 1
1 335 4
1 433 10
1 190 1
1 534 10
1 329 1
1 999 4
1 222 8
1 918 7
1 554 7
2 6 10
2 15 7
2 20 1
2 27 5
2 89 2
2 158 4
2 163 6
2 137 6
2 997 5
2 439 8
2 578 8
2 801 4
2 375 2
2 775 3
2 468 7
2 887 5
2 402 8
2 404 5
2 246 9
2 280 9
3 4 5
3 5 3
3 10 5
3 13 8
3 30 9
3 207 10
3 236 5
3 263 9
3 192 2
3 879 4
3 247 5
3 241 10
3 487 9
3 625 4
3 933 1
3 100 4
3 293 7
3 414 6
4 25 5
4 66 10
4 100 2
4 240 7
4 472 5
4 166 10
4 946 3
4 366 1
4 858 9
4 283 6
4 778 5
4 646 8
4 642 4
4 701 4
4 808 8
5 28 4
5 80 9
5 93 1
5 494 3
5 11 2
5 713 3
5 8 9
5 782 2
5 244 7
5 27 10
5 844 6
5 609 5
5 558 8
5 131 1
6 11 8
6 65 2
6 133 7
6 351 4
6 776 7
6 210 7
6 640 2
6 432 2
6 662 1
6 835 7
7 8 7
7 12 8
7 24 3
7 124 10
7 289 4
7 523 5
7 200 3
7 988 8
7 312 2
7 905 10
7 887 6
7 631 5
7 817 3
7 5 2
7 490 8
7 601 4
8 14 7
8 17 10
8 125 9
8 308 7
8 580 3
8 827 8
8 991 4
8 578 8
8 365 8
8 395 5
8 558 3
8 477 9
8 61 3
8 565 9
8 205 2
9 32 8
9 49 9
9 85 5
9 106 9
9 802 4
9 482 5
9 411 9
9 251 8
9 868 5
9 190 9
9 151 3
9 170 1
9 910 6
9 795 6
9 603 4
9 248 9
9 793 2
9 736 1
9 64 3
9 424 7
9 143 9
10 19 3
10 62 2
10 119 7
10 224 9
10 510 6
10 712 4
10 378 7
10 111 1
10 974 3
10 715 9
10 594 6
10 220 9
10 297 7
10 820 7
10 558 6
11 21 9
11 38 10
11 134 5
11 28 6
11 603 5
11 645 7
11 126 5
11 414 3
11 331 5
11 756 4
11 259 2
11 340 7
11 495 3
11 790 10
11 421 10
11 657 4
11 607 9
11 115 1
11 142 2
11 825 9
11 731 5
11 270 9
11 451 9
11 916 4
12 36 1
12 37 10
12 42 1
12 107 7
12 503 8
12 346 7
12 529 9
12 151 9
12 191 7
12 539 8
12 45 1
12 458 5
12 469 7
12 124 5
12 383 6
12 698 7
12 837 3
12 278 10
12 710 10
13 16 6
13 18 8
13 40 3
13 41 5
13 169 9
13 251 4
13 268 3
13 858 2
13 191 6
13 83 7
13 727 3
13 582 10
13 329 5
13 47 8
14 67 7
14 87 3
14 699 9
14 428 9
14 578 10
14 550 7
14 566 8
14 921 10
14 283 5
14 929 6
15 22 9
15 51 6
15 141 5
15 214 2
15 218 1
15 48 1
15 535 4
15 826 3
15 538 3
15 982 9
15 919 2
15 514 3
15 63 1
15 416 9
15 900 1
15 238 2
15 825 8
15 682 6
15 470 7
15 519 6
16 35 8
16 69 8
16 91 6
16 267 6
16 660 4
16 128 7
16 290 9
16 653 1
16 229 2
16 120 7
16 627 8
16 6 6
16 978 9
16 658 1
16 126 7
16 970 5
17 376 7
17 403 2
17 344 4
17 235 7
17 976 8
17 39 8
17 258 6
17 382 6
17 152 1
18 54 5
18 779 4
18 362 10
18 422 2
18 115 7
18 598 4
18 39 6
18 164 3
18 248 6
18 617 7
18 204 2
18 643 4
18 348 7
19 116 8
19 991 2
19 641 3
19 292 1
19 927 8
19 301 4
19 748 4
19 410 1
19 169 2
19 387 4
19 835 1
19 939 4
19 685 7
19 760 1
19 238 9
19 510 9
19 812 8
19 284 6
19 688 4
20 34 1
20 92 2
20 176 8
20 177 2
20 489 8
20 490 2
20 295 9
20 807 1
20 524 6
20 363 5
20 627 4
20 932 4
20 415 2
20 438 4
20 598 7
20 848 9
20 96 9
21 50 3
21 394 10
21 935 3
21 557 9
21 296 3
21 245 4
21 994 5
21 942 10
21 601 9
21 609 1
21 374 7
21 840 6
21 679 4
21 173 8
21 181 4
21 405 1
21 811 9
21 116 4
22 23 10
22 39 3
22 45 5
22 128 2
22 136 5
22 172 5
22 255 8
22 124 8
22 93 6
22 730 4
22 216 7
22 183 5
22 804 7
22 547 7
22 623 3
22 60 1
22 32 6
22 406 7
22 113 3
22 557 2
22 693 7
22 679 6
23 31 2
23 55 4
23 115 2
23 704 1
23 716 3
23 990 4
23 836 5
23 262 4
23 487 4
23 992 10
23 535 8
23 541 6
23 86 4
23 67 9
23 398 10
23 885 2
23 302 2
24 29 6
24 33 7
24 86 9
24 96 4
24 170 9
24 301 6
24 524 7
24 414 9
24 664 2
24 138 3
24 623 8
24 589 10
24 357 6
24 795 2
24 911 2
24 532 4
24 538 8
24 765 9
24 762 8
25 466 4
25 809 1
25 938 8
25 341 5
25 470 7
25 671 1
25 562 8
26 146 8
26 223 6
26 486 6
26 740 4
26 699 4
26 980 2
26 244 3
26 82 10
26 171 8
27 57 9
27 737 10
27 695 10
27 794 7
27 548 8
27 546 10
28 135 2
28 195 2
28 202 6
28 689 5
28 345 3
28 50 6
28 898 9
28 360 8
28 715 6
28 95 4
28 90 7
28 949 10
28 999 6
28 429 6
29 52 3
29 60 7
29 143 6
29 252 2
29 486 8
29 698 4
29 868 2
29 217 8
29 336 4
29 786 6
29 982 5
29 363 3
29 77 7
29 465 4
29 815 4
29 791 1
29 830 9
29 333 8
29 964 2
29 439 5
29 63 4
30 219 2
30 559 5
30 439 9
30 703 7
30 15 6
30 210 10
30 622 2
30 655 3
30 533 6
30 99 5
30 767 10
30 227 10
30 780 7
31 43 4
31 118 1
31 291 2
31 357 10
31 255 5
31 557 10
31 339 8
31 591 7
31 889 7
31 174 5
31 775 1
31 418 5
31 865 3
31 62 8
31 476 4
31 837 9
32 534 5
32 508 7
32 884 7
32 441 1
32 338 6
32 196 8
32 725 7
32 566 7
32 553 7
32 691 8
33 200 4
33 342 8
33 204 2
33 489 7
33 945 7
33 616 8
33 293 3
33 717 6
33 117 5
33 862 9
33 611 4
33 364 5
33 442 7
33 822 5
33 74 2
33 888 9
33 956 6
34 59 1
34 180 8
34 184 8
34 234 6
34 464 6
34 935 2
34 296 8
34 751 9
34 50 4
34 94 2
34 378 1
34 210 2
34 794 10
34 267 2
34 275 3
34 172 9
34 167 1
35 44 4
35 83 10
35 185 9
35 619 4
35 880 9
35 896 4
35 585 2
35 26 4
35 633 8
35 184 2
35 294 2
35 99 1
35 48 1
35 776 4
35 925 8
35 846 6
36 195 10
36 429 9
36 908 8
36 986 1
36 174 10
36 133 10
36 80 5
36 929 9
36 217 7
36 164 10
36 365 1
36 670 9
37 120 2
37 199 2
37 261 8
37 306 8
37 739 3
37 104 1
37 897 1
37 238 9
37 93 2
37 880 3
37 611 8
37 124 6
37 665 8
37 904 4
37 649 3
37 827 10
37 551 8
37 175 7
37 347 5
38 70 9
38 540 5
38 785 8
38 116 1
38 46 1
38 779 9
38 96 9
38 993 8
38 301 7
38 958 3
38 578 9
38 959 3
38 904 6
38 223 6
38 828 5
39 178 4
39 646 7
39 411 6
39 379 6
39 948 4
39 423 5
39 877 3
39 880 10
39 421 9
39 455 1
39 338 5
39 890 9
39 759 10
39 959 7
39 843 1
39 57 7
39 563 4
40 407 6
40 583 1
40 996 1
40 506 1
40 31 9
40 330 7
40 147 10
40 509 5
40 839 10
40 401 7
40 661 1
40 571 7
40 449 1
40 554 2
40 540 5
40 510 8
40 431 5
40 558 6
40 780 8
40 907 9
41 47 10
41 53 2
41 77 7
41 99 6
41 522 4
41 979 7
41 504 3
41 876 4
41 21 6
41 929 6
41 651 3
41 220 5
41 575 8
41 616 7
42 48 5
42 56 2
42 58 5
42 64 6
42 94 7
42 121 2
42 367 10
42 383 7
42 581 10
42 675 6
42 401 10
42 324 10
42 859 1
42 365 9
42 175 2
42 100 10
42 989 4
42 1000 10
42 986 8
42 730 3
42 953 10
42 297 2
43 46 4
43 105 4
43 406 2
43 889 7
43 654 10
43 141 1
43 738 2
43 757 3
43 349 3
43 586 3
43 573 5
43 482 5
43 714 9
43 228 3
44 88 1
44 117 7
44 340 9
44 348 2
44 643 8
44 186 10
44 498 4
44 355 8
44 103 5
44 513 7
45 152 2
45 165 4
45 710 6
45 144 1
46 72 10
46 440 6
46 444 10
46 597 5
46 709 10
46 753 4
46 111 9
46 298 5
46 551 4
46 53 10
46 565 10
46 684 1
46 663 6
46 801 7
46 790 1
46 990 9
46 754 8
46 481 1
46 874 5
46 344 10
47 101 1
47 245 1
47 496 10
47 416 3
47 474 9
47 61 10
47 558 4
47 294 5
47 338 7
47 782 4
47 770 9
47 935 8
47 469 8
47 948 8
47 798 1
47 909 1
48 98 8
48 355 7
48 390 1
48 427 1
48 977 5
48 185 2
48 363 4
48 975 2
48 206 5
48 82 9
48 548 6
48 46 6
48 764 4
48 307 8
48 200 6
48 918 10
49 624 4
49 756 3
50 79 6
50 102 4
50 753 2
50 464 5
50 807 4
50 88 5
50 901 1
50 814 9
50 613 8
50 977 10
50 19 5
50 602 1
50 823 9
50 507 1
50 223 5
50 253 4
50 729 7
51 109 5
51 221 1
51 228 7
51 724 5
51 846 1
51 658 2
51 909 7
51 549 6
51 391 2
51 705 2
51 316 8
51 821 4
51 789 1
52 131 6
52 520 7
52 574 3
52 808 5
52 575 9
52 477 1
52 203 10
52 570 3
52 950 5
52 258 2
52 563 5
52 713 3
52 935 6
52 107 1
52 315 2
52 275 8
52 105 5
52 581 10
52 588 8
52 545 2
52 830 9
52 905 4
52 151 5
53 160 9
53 213 2
53 562 3
53 288 6
53 912 9
53 204 1
53 623 2
54 95 8
54 373 10
54 401 3
54 222 3
54 981 1
54 87 2
54 923 3
54 163 10
54 79 2
54 152 4
54 660 4
54 785 2
54 261 9
54 871 8
54 683 8
54 108 8
54 603 2
55 61 4
55 229 9
55 644 2
55 711 10
55 120 10
55 460 6
55 553 5
55 125 10
55 745 7
55 822 10
55 791 2
55 101 2
55 115 8
55 918 4
56 78 10
56 81 10
56 110 9
56 113 7
56 423 4
56 552 6
56 437 5
56 623 5
56 721 3
56 758 1
56 638 2
56 819 8
56 228 8
56 596 9
56 933 1
56 503 2
56 699 9
56 856 7
56 124 3
56 797 9
57 97 8
57 233 2
57 956 8
57 171 1
57 235 10
57 401 2
58 220 6
58 435 2
58 736 5
58 572 9
58 372 7
58 423 3
58 964 6
58 286 8
58 323 9
58 204 9
58 563 3
58 187 4
58 907 1
58 123 2
58 515 9
59 74 6
59 244 1
59 934 3
59 143 4
59 778 5
59 351 1
59 104 5
59 506 2
59 62 3
59 773 10
59 890 8
59 891 10
59 918 2
59 658 8
59 147 1
59 865 5
59 1000 2
59 101 3
59 662 1
60 82 6
60 260 6
60 692 8
60 493 1
60 465 7
60 556 6
60 153 9
60 333 8
60 706 2
60 974 3
60 157 10
60 263 5
60 862 10
60 691 9
61 68 7
61 181 2
61 908 8
61 940 3
61 411 5
61 458 2
61 929 4
61 887 3
61 192 10
61 434 10
61 848 3
61 713 6
61 516 6
61 390 8
61 876 4
61 716 6
62 205 6
62 967 10
62 36 3
62 639 4
62 939 8
62 726 9
62 73 10
62 620 8
62 528 9
62 394 9
62 477 8
62 422 9
62 849 8
63 894 9
63 915 4
63 578 8
63 658 8
64 76 3
64 122 10
64 161 2
64 602 9
64 912 8
64 217 10
64 340 6
64 97 1
64 337 6
64 668 3
64 712 2
64 240 5
64 990 6
64 728 9
65 84 10
65 90 3
65 144 6
65 186 1
65 441 4
65 460 10
65 725 3
65 889 2
65 824 9
65 693 10
66 972 10
67 104 2
67 111 7
67 714 9
67 121 10
67 130 10
67 107 8
67 767 10
67 278 7
67 273 7
67 910 5
67 159 5
67 333 1
68 148 8
68 321 10
68 777 2
68 107 1
68 969 9
68 630 4
69 71 6
69 114 4
69 137 7
69 991 1
69 186 1
69 770 9
69 990 4
69 535 9
69 99 4
69 74 10
69 740 8
69 51 7
70 650 4
70 519 9
70 523 7
70 691 8
70 124 3
70 247 3
70 84 3
70 432 5
70 26 5
70 630 7
70 715 6
71 157 9
71 687 8
71 502 2
71 529 3
72 137 8
72 171 2
72 436 8
72 525 5
72 571 10
72 712 10
72 324 8
72 511 8
72 744 3
72 745 1
72 832 8
72 186 2
72 844 3
72 375 7
73 763 7
73 912 5
73 117 7
73 530 3
73 375 3
73 902 3
74 151 6
74 238 4
74 307 4
74 393 3
74 418 2
74 969 6
74 750 2
74 366 9
74 785 9
75 155 10
75 324 5
75 609 5
75 333 9
75 821 7
75 685 8
75 417 7
75 107 10
75 492 8
75 262 2
75 970 7
75 292 2
75 306 3
75 45 8
76 174 10
76 282 10
76 402 10
76 873 1
76 986 2
76 868 8
76 320 4
76 745 4
76 813 6
76 150 6
76 903 5
76 845 9
76 581 10
76 975 5
76 137 7
76 60 5
76 759 2
76 388 9
76 870 3
76 26 6
76 626 1
77 231 3
77 92 10
77 75 7
77 684 3
77 287 1
77 837 5
77 810 2
77 555 10
77 277 9
77 970 2
77 440 3
78 130 1
78 179 8
78 189 5
78 479 3
78 947 3
78 784 7
78 294 6
78 445 5
78 359 2
78 862 3
78 985 3
78 883 5
78 137 7
79 243 2
79 285 7
79 861 1
79 201 9
79 116 5
79 545 6
79 415 4
79 324 7
79 605 4
79 209 8
79 742 3
79 189 4
79 894 2
79 649 1
79 543 6
80 333 4
80 543 5
80 244 8
80 730 6
80 939 3
80 493 7
81 678 8
82 620 8
82 943 9
82 388 7
83 145 2
83 149 1
83 842 1
83 99 7
83 123 3
83 683 5
83 595 1
83 260 5
83 198 3
83 979 6
83 261 6
83 518 9
83 957 2
83 178 6
83 908 3
83 668 7
83 581 7
84 103 1
84 579 5
84 758 4
84 400 10
84 778 9
85 325 9
85 457 5
85 476 9
85 949 8
85 721 8
85 26 6
86 167 8
86 563 2
86 672 7
86 239 3
86 995 10
86 466 4
86 310 3
86 227 4
86 433 10
86 141 8
86 721 7
86 349 7
86 582 3
86 608 3
87 187 10
87 253 9
87 369 7
87 719 3
87 51 6
87 259 10
87 846 3
87 921 3
87 64 10
87 226 3
87 213 4
87 866 4
87 209 5
88 604 4
88 996 2
88 154 1
88 630 2
88 900 4
89 242 8
89 334 6
89 343 9
89 469 3
89 585 7
89 14 6
89 25 1
89 85 2
89 946 7
89 990 1
89 391 9
89 782 9
89 395 2
89 170 7
89 247 7
89 950 7
89 414 6
90 478 1
90 615 2
90 331 8
90 400 8
91 123 3
91 839 3
91 949 4
91 770 7
91 964 10
91 404 2
91 368 1
91 77 8
91 604 10
91 288 5
92 147 3
92 190 4
92 247 2
92 360 4
92 429 7
92 373 8
92 255 9
92 118 1
92 270 6
92 950 1
92 101 7
92 940 4
92 914 2
92 28 8
92 884 2
93 140 9
93 363 8
93 546 6
93 286 1
93 434 7
93 387 6
93 981 6
93 103 5
93 837 6
93 315 10
93 723 2
93 746 10
94 269 4
94 295 4
94 443 8
94 500 7
94 498 1
94 190 3
94 775 3
94 286 2
94 465 7
94 420 3
94 319 4
94 662 1
94 235 9
94 631 1
94 353 3
95 807 2
95 238 1
95 192 1
95 862 3
95 922 3
95 637 7
95 659 6
95 717 2
95 486 8
95 452 2
95 928 7
96 434 6
96 669 8
96 657 3
96 781 3
96 513 6
96 676 5
96 266 1
96 587 4
96 914 3
97 310 6
97 553 5
97 737 8
97 186 3
97 775 4
97 345 7
97 477 1
97 709 3
97 760 3
97 759 1
98 112 9
98 366 3
98 862 4
98 663 5
98 794 4
98 203 9
98 107 7
98 555 4
98 368 2
98 244 6
98 407 5
98 928 10
98 698 2
99 534 4
99 500 2
99 964 6
99 378 5
99 481 1
99 619 1
99 578 4
99 889 1
100 226 8
100 492 7
100 400 5
100 922 7
100 798 1
100 911 9
100 368 5
100 84 8
100 844 5
100 761 8
101 156 2
101 464 4
101 622 7
101 954 8
101 88 4
101 860 8
101 339 3
101 547 8
101 214 3
101 941 9
101 413 8
102 162 9
102 173 8
102 192 2
102 209 6
102 518 10
102 621 3
102 742 2
102 879 8
102 343 1
102 515 8
102 807 9
102 978 6
102 694 9
102 404 1
102 279 10
102 522 1
102 373 1
102 707 2
103 551 6
104 108 9
104 232 10
104 509 9
104 660 6
104 638 8
104 321 7
104 269 6
104 491 3
104 63 9
104 162 6
104 28 9
104 139 6
104 317 6
104 442 1
105 188 4
105 329 1
105 910 3
105 451 3
105 473 3
105 330 2
105 413 10
105 828 9
105 383 6
106 210 10
106 499 2
106 697 5
106 982 7
106 564 3
106 792 10
106 488 1
106 130 7
106 831 10
106 352 6
106 471 2
106 875 7
106 491 8
107 721 7
108 193 4
108 202 5
108 206 4
108 379 10
108 357 9
108 590 7
108 74 10
108 949 9
108 760 6
108 847 3
108 11 6
108 688 2
108 429 5
109 538 9
109 781 8
109 854 1
109 757 2
109 853 2
109 945 2
109 188 6
109 903 1
109 900 1
110 416 8
110 665 1
110 157 4
110 801 7
110 468 4
110 839 10
110 422 3
110 793 9
111 398 1
111 415 10
111 424 3
111 853 10
111 90 4
111 392 1
111 330 1
111 599 3
112 127 10
112 288 3
112 666 7
112 153 9
112 964 7
112 570 4
112 659 2
112 883 3
112 696 4
112 818 6
112 525 5
112 809 7
112 483 6
112 703 10
112 963 7
112 82 1
112 575 7
112 790 6
113 960 8
113 529 8
114 126 9
114 132 9
114 157 7
114 194 1
114 196 5
114 299 3
114 751 7
114 707 3
114 49 4
114 288 2
114 536 1
114 967 5
114 412 1
114 947 7
114 512 5
115 734 9
115 313 1
115 167 9
115 117 8
115 711 2
115 168 6
115 459 7
115 419 7
115 897 3
115 287 5
115 762 3
116 259 4
116 346 4
116 688 5
116 567 10
116 706 1
116 73 7
116 464 1
116 836 9
116 380 8
116 468 6
116 278 7
116 448 8
116 921 6
116 900 8
117 293 7
117 338 2
117 752 2
117 632 10
117 976 3
117 763 5
117 340 5
117 857 1
117 671 8
117 644 1
117 960 8
117 310 8
118 588 4
118 805 8
118 399 8
118 265 10
118 228 10
118 428 1
118 921 6
118 841 6
118 789 9
118 81 8
118 470 1
118 738 6
119 154 6
119 931 10
119 166 3
119 260 8
119 380 4
119 74 10
119 438 3
119 830 8
119 961 5
119 226 9
119 257 4
119 298 4
119 530 7
119 77 9
119 816 7
120 164 9
120 919 6
120 684 6
120 480 10
120 748 3
120 361 5
120 495 7
120 874 8
120 857 4
120 159 6
121 317 9
121 107 1
121 858 7
122 129 3
122 723 3
122 869 8
122 62 1
122 159 6
122 513 7
122 864 1
122 412 2
122 639 10
122 505 2
122 109 10
122 179 1
122 615 2
122 468 1
123 191 10
123 157 6
123 709 8
123 377 2
123 664 1
123 454 9
123 540 8
123 944 10
123 496 4
123 164 1
123 568 10
123 725 2
124 166 2
124 204 10
124 330 4
124 658 5
124 535 10
124 572 5
124 845 5
124 673 10
125 384 10
125 688 5
125 160 5
125 155 3
125 815 8
125 352 5
125 403 4
125 151 2
125 949 2
125 863 5
126 349 1
126 369 10
126 416 2
126 817 1
126 499 3
126 975 7
126 726 4
126 73 4
126 257 1
127 347 3
127 764 8
127 146 4
127 85 4
127 99 9
127 312 3
127 354 6
127 105 10
127 786 10
128 139 1
128 203 6
128 657 8
128 687 7
128 429 3
128 982 2
128 431 10
128 895 5
128 642 6
128 487 7
128 950 10
128 601 8
128 137 9
128 248 2
128 59 4
129 248 10
129 412 9
129 623 5
129 938 9
129 763 6
129 894 8
129 256 3
129 926 2
129 976 7
130 365 4
130 549 5
130 44 4
130 124 8
130 808 8
131 138 1
131 230 1
131 442 6
131 369 6
131 67 2
131 458 4
131 992 10
131 574 5
131 186 4
132 201 2
132 405 5
132 474 3
132 851 5
132 916 6
132 716 2
132 112 6
132 548 1
132 107 8
132 351 1
132 641 2
132 634 9
132 752 8
132 868 3
132 100 3
132 44 6
132 689 7
132 758 1
133 309 7
133 790 10
133 742 2
133 511 6
133 904 8
133 328 5
133 293 2
133 714 5
134 142 4
134 183 7
134 385 7
134 962 2
134 780 4
134 878 6
134 704 2
134 949 9
134 466 9
134 583 6
134 722 1
134 575 2
134 287 5
134 784 9
134 631 5
134 80 4
135 150 2
135 722 9
135 886 2
135 964 2
135 616 5
135 674 9
135 317 9
135 522 6
135 147 6
135 162 4
135 409 10
135 367 4
135 430 4
136 404 7
136 594 10
136 703 1
137 283 1
137 471 8
137 71 1
137 822 4
137 115 8
137 564 6
137 26 6
137 103 1
138 216 1
138 297 8
138 359 2
138 507 1
138 739 2
138 734 5
138 244 8
138 618 3
138 171 1
138 66 6
138 460 5
138 579 1
138 179 7
138 91 9
138 753 10
138 634 5
139 175 5
139 362 3
139 523 5
139 972 3
139 166 3
139 853 7
139 864 1
139 310 2
139 301 1
139 235 9
139 413 9
139 509 4
140 211 9
140 339 10
140 56 4
140 927 8
140 223 9
140 534 10
140 732 8
140 487 8
140 900 4
140 29 5
140 915 1
140 759 10
140 419 1
140 167 2
140 699 2
140 934 10
140 642 6
140 727 7
140 458 3
140 785 4
141 153 2
141 866 3
141 185 7
141 870 10
141 832 2
142 270 7
142 358 8
142 603 4
142 824 3
142 739 10
142 864 2
142 607 7
142 604 2
143 651 5
143 185 7
144 463 6
144 961 5
144 822 3
144 230 6
145 386 2
145 143 6
145 679 4
146 618 10
147 948 3
147 535 2
147 388 1
147 721 9
147 506 2
148 446 6
148 461 8
148 907 9
148 166 3
148 188 2
148 899 2
148 497 10
149 161 9
149 322 3
149 483 3
149 77 4
149 497 3
149 337 1
149 922 8
149 652 7
149 850 10
149 839 1
149 272 2
149 175 5
149 63 8
149 46 1
149 972 6
149 82 3
150 667 8
150 742 5
150 556 7
150 544 7
150 212 2
150 292 7
150 912 6
150 157 6
150 936 9
150 132 3
150 860 4
150 960 8
151 515 10
151 314 9
151 873 3
151 928 4
151 771 5
151 100 6
151 634 3
151 982 4
151 292 10
151 253 8
151 354 8
151 571 3
151 522 9
151 783 6
152 482 5
152 899 4
152 385 4
152 26 8
152 964 5
152 725 8
152 987 10
152 477 10
153 229 5
153 484 9
153 633 1
153 643 1
153 667 10
153 990 9
153 790 10
153 410 2
153 333 10
153 487 3
153 648 9
154 159 8
154 877 5
154 987 5
154 888 9
154 68 3
154 806 5
154 529 1
154 746 4
154 802 2
155 208 7
155 312 2
155 782 5
155 204 6
155 678 3
155 933 6
155 801 6
155 330 7
155 794 2
155 850 1
156 246 7
156 250 7
156 900 8
156 329 1
156 746 3
156 373 2
156 981 6
156 262 8
156 586 5
156 663 3
156 32 4
156 658 8
157 364 4
157 378 6
157 641 6
157 447 4
157 846 6
157 792 10
157 875 7
157 264 7
157 473 9
158 183 8
158 833 1
158 680 7
158 654 10
158 748 9
158 848 2
158 86 6
158 686 8
158 403 7
158 899 7
158 524 9
158 300 4
158 589 9
158 460 9
159 703 1
159 160 2
159 956 2
159 608 8
159 878 2
159 645 6
159 852 3
159 540 2
159 413 6
159 428 2
160 401 5
160 340 1
160 711 1
160 331 10
160 766 6
160 852 3
160 408 6
160 352 2
161 303 9
161 968 3
161 307 2
161 111 2
161 843 5
161 679 9
161 676 7
161 620 5
161 818 8
162 346 6
162 997 8
162 134 1
162 817 1
162 355 8
162 331 8
162 725 6
162 978 5
163 323 3
163 372 4
163 970 8
163 722 4
163 978 8
163 843 7
163 655 9
163 260 6
163 112 9
163 694 2
164 266 2
164 296 8
164 562 8
164 705 10
164 90 8
164 44 6
165 168 9
165 314 6
165 371 6
165 908 4
165 291 3
165 659 10
166 462 2
167 506 3
167 127 8
167 852 4
167 851 8
167 762 1
167 144 9
167 264 6
168 798 2
168 774 5
168 747 1
168 929 9
168 875 9
168 805 10
168 927 9
168 688 6
168 776 8
168 324 5
169 370 6
169 351 5
169 442 5
169 825 2
169 358 3
169 204 5
169 527 1
169 84 4
169 428 3
169 363 3
169 235 9
169 997 6
169 939 8
170 330 7
170 576 1
170 632 3
170 589 7
170 863 10
170 872 6
170 985 9
170 332 7
170 686 4
170 990 8
171 235 7
171 799 4
171 899 3
172 217 9
172 519 9
172 705 8
172 1000 2
172 672 2
172 363 10
172 986 8
172 167 6
172 970 1
172 445 8
172 212 3
172 686 5
172 88 6
172 341 8
172 594 2
172 829 7
172 813 1
172 598 9
173 432 9
173 952 1
173 898 3
173 571 3
173 126 9
173 461 10
173 623 4
173 53 7
173 592 9
173 974 3
173 410 9
173 423 10
173 246 5
174 281 3
174 718 9
174 386 5
174 692 2
174 57 8
174 340 9
174 657 7
174 354 8
175 198 1
175 184 10
175 191 1
175 105 1
175 292 6
175 613 5
175 60 5
175 515 9
175 349 1
175 748 7
175 45 5
176 182 10
176 660 5
176 685 9
176 353 4
176 922 9
176 7 4
176 281 1
176 917 7
176 783 9
176 369 7
176 271 9
176 808 8
176 357 9
176 812 2
176 247 5
177 344 4
177 769 1
177 799 6
177 240 6
177 783 2
177 442 6
177 739 8
177 191 1
177 434 7
177 34 1
177 636 7
178 286 3
178 473 3
178 821 6
178 63 9
178 620 2
178 890 4
178 579 8
178 127 4
178 120 8
179 316 4
179 531 4
179 744 4
179 672 2
179 665 4
179 568 6
179 373 8
179 587 7
179 900 1
179 746 1
179 946 7
179 409 6
180 222 9
180 298 1
180 696 1
180 53 2
180 827 3
180 781 3
180 10 4
180 669 6
180 84 5
180 150 9
180 315 5
180 709 4
180 220 6
180 913 6
180 115 6
180 255 3
180 399 4
180 566 9
180 306 9
180 545 3
180 563 1
181 380 4
181 600 7
181 677 7
181 202 4
181 539 5
181 913 5
181 893 8
181 161 10
181 452 1
181 783 3
181 557 2
181 915 6
181 995 4
182 197 6
182 251 4
182 165 6
182 957 7
182 950 9
182 921 2
182 139 3
182 346 9
182 529 6
183 212 3
183 946 8
183 458 6
183 808 1
183 738 7
183 113 8
183 307 2
183 812 5
183 361 10
183 73 8
183 508 7
183 109 7
183 412 5
184 701 8
184 840 4
184 447 7
184 41 9
184 544 2
184 996 3
184 828 9
184 768 6
184 936 9
184 419 4
184 279 8
185 921 10
185 361 10
186 693 10
186 595 9
186 718 1
186 605 9
186 385 8
186 639 4
186 470 4
187 345 9
187 782 3
187 298 2
187 576 10
187 395 8
187 421 1
187 324 8
187 833 7
187 259 9
188 215 7
188 542 10
188 613 8
188 486 3
188 529 5
188 265 5
188 235 9
188 963 2
189 279 6
189 610 2
189 436 8
189 573 1
189 524 2
189 900 4
189 487 5
189 688 10
189 785 4
190 536 9
190 818 10
190 823 4
190 258 7
190 384 3
190 185 1
190 433 8
190 244 7
190 250 1
190 380 1
190 88 9
190 641 5
190 853 3
190 209 1
190 157 9
190 107 9
190 471 6
190 553 10
190 658 1
191 550 7
191 270 3
191 196 7
191 893 4
191 361 7
191 565 5
191 859 9
191 151 6
191 754 8
191 511 2
191 929 4
191 845 8
191 674 3
192 239 3
192 430 6
192 572 4
192 964 1
192 662 4
192 392 5
192 594 9
192 624 6
192 475 4
192 645 1
192 672 8
192 633 3
192 125 1
192 918 1
192 992 3
193 454 10
193 966 9
193 930 5
193 820 3
193 698 6
193 741 1
193 774 1
193 900 9
193 632 2
193 712 9
193 327 10
193 507 1
194 807 1
194 930 1
195 646 8
195 428 1
195 471 5
195 612 1
195 178 10
195 578 3
195 160 7
195 345 5
196 227 10
196 292 8
196 880 10
196 918 1
196 761 5
196 329 7
196 401 5
196 44 4
196 461 9
196 749 8
196 993 2
196 283 8
196 493 8
197 305 4
197 541 6
197 620 1
197 968 7
197 94 10
197 839 10
197 594 7
197 588 7
197 681 7
197 938 2
197 571 4
198 249 7
198 64 2
198 137 6
198 829 3
198 482 9
198 504 2
198 375 7
198 331 8
198 549 3
198 86 7
198 616 8
198 171 3
198 867 5
198 768 10
199 132 8
199 110 2
199 830 10
199 344 1
199 679 9
199 645 5
199 945 4
199 133 5
199 638 8
199 480 1
199 578 1
199 467 3
199 265 4
199 663 5
200 254 2
200 276 7
200 585 3
200 500 2
200 738 2
200 599 7
200 912 9
200 466 8
200 707 5
200 591 3
200 584 2
200 901 6
200 666 10
200 742 6
200 352 8
201 275 3
201 353 7
201 726 6
201 713 6
201 654 9
201 447 2
201 818 1
201 969 6
201 451 9
201 284 6
201 359 7
202 287 1
202 952 6
202 304 3
202 257 9
202 966 3
202 424 2
202 795 2
202 179 3
202 958 2
202 499 6
202 217 5
202 612 7
202 241 10
202 627 5
203 654 9
203 542 4
203 568 8
203 59 5
203 9 6
203 402 3
203 790 3
203 625 9
203 864 5
203 451 9
203 241 5
203 288 8
203 815 9
203 835 6
203 226 9
203 841 8
203 278 1
204 481 1
204 994 9
204 746 4
204 638 10
204 223 8
204 797 1
205 417 4
205 420 7
205 32 7
205 804 6
205 487 9
205 457 4
205 879 8
205 930 3
205 719 4
205 979 10
205 377 4
205 179 1
205 651 5
205 556 2
206 315 4
206 327 3
206 393 9
206 976 8
206 805 3
206 161 4
206 686 9
206 165 6
206 129 10
206 905 1
206 940 8
206 949 8
206 739 8
206 515 7
206 774 1
206 972 1
206 69 6
207 526 4
207 138 4
207 667 7
207 71 9
207 267 3
207 527 8
207 229 4
207 210 7
207 254 8
208 585 2
208 568 10
208 792 7
208 835 10
208 564 2
208 770 7
208 103 5
208 148 2
208 616 4
209 225 2
209 902 2
209 640 6
209 348 1
209 573 10
209 502 9
209 860 7
209 46 2
209 289 4
210 278 1
210 284 4
210 354 8
210 817 2
210 391 7
210 840 6
210 329 7
210 998 6
211 577 5
211 676 3
211 297 10
211 718 1
211 249 3
211 448 4
211 231 10
211 390 4
211 347 5
211 131 2
211 422 4
211 436 8
211 403 5
212 257 1
212 326 7
212 336 10
212 936 9
212 100 6
212 511 3
212 267 10
212 462 5
212 386 1
212 719 5
213 341 3
213 556 1
213 631 5
213 802 5
213 316 3
213 63 2
213 364 2
215 529 4
215 634 7
215 722 9
215 645 5
216 653 10
216 706 5
216 217 2
216 421 4
216 201 8
216 200 7
216 228 5
216 339 10
216 941 2
216 690 1
216 325 1
216 721 3
216 763 2
216 661 8
216 328 5
216 181 5
217 265 6
217 477 10
217 481 5
217 474 6
217 330 1
217 588 9
217 538 7
217 656 9
217 385 6
217 604 2
217 390 3
217 633 4
217 762 5
217 910 7
217 86 3
217 303 2
217 976 10
217 847 1
218 7 1
218 379 4
218 355 7
218 352 5
218 739 3
218 677 6
218 554 6
218 491 2
218 916 3
218 974 8
218 128 1
218 423 10
219 280 7
219 311 6
219 511 10
219 707 4
219 406 3
219 387 3
219 331 1
219 446 2
219 109 3
219 194 3
219 810 1
219 417 10
219 133 8
219 68 2
219 226 4
219 453 4
220 256 3
220 300 9
220 312 10
220 356 1
220 689 3
220 264 2
220 851 4
220 166 5
220 788 10
220 874 10
220 875 10
220 144 8
221 483 9
221 757 2
221 884 9
221 481 7
221 590 9
221 705 9
221 265 4
221 292 7
221 262 10
221 710 6
222 906 6
222 16 1
222 816 8
222 190 6
222 179 2
222 394 8
222 836 8
222 642 9
222 269 7
222 769 6
222 721 5
222 731 1
222 870 5
222 880 3
222 528 6
224 237 7
224 409 1
224 402 1
224 473 7
224 254 5
224 166 7
224 87 9
224 73 4
224 598 8
224 548 1
224 214 10
224 384 2
224 288 1
224 542 5
224 743 2
225 294 4
225 388 7
225 582 6
225 994 8
225 350 1
225 296 1
225 732 7
225 805 6
225 765 3
225 368 6
225 392 6
225 902 7
225 540 5
225 717 3
225 529 1
225 764 10
225 972 9
226 830 4
226 446 3
226 431 3
226 671 2
226 873 3
226 765 8
227 684 3
227 479 8
227 45 8
227 993 5
227 661 7
228 241 7
228 821 4
228 654 5
228 309 7
228 807 10
228 841 8
228 797 9
228 644 7
228 812 3
228 768 4
228 266 7
228 613 7
229 686 4
229 921 5
229 656 5
229 107 2
229 551 1
230 502 1
230 682 6
230 505 9
230 781 3
231 838 3
231 781 1
231 899 10
231 132 10
231 940 9
231 922 4
232 421 9
232 918 1
232 829 3
232 435 10
232 345 1
232 204 3
232 278 1
232 199 2
232 566 1
232 538 10
233 865 10
233 899 6
233 621 4
233 841 8
233 289 10
234 451 6
234 584 4
234 640 10
234 925 10
234 105 10
234 75 8
234 904 1
234 492 9
234 849 6
234 921 6
234 847 7
234 755 7
234 930 9
235 997 3
235 562 5
235 500 1
235 791 5
235 858 1
235 677 6
235 902 10
235 691 7
235 277 5
236 15 10
236 798 8
236 459 10
236 761 3
236 660 6
236 961 4
236 396 2
236 845 1
236 909 4
236 890 2
236 460 3
236 367 2
237 374 10
237 978 10
237 157 3
237 355 5
237 136 10
237 363 6
237 459 5
237 487 7
237 392 1
237 185 5
237 647 6
237 554 9
238 274 10
238 980 5
238 973 10
238 805 3
238 587 4
238 691 8
238 912 4
238 88 10
238 434 7
238 745 3
238 607 10
239 832 3
239 613 1
239 245 3
239 776 6
239 548 10
239 501 10
239 993 6
240 387 1
240 512 4
240 625 6
240 641 4
240 364 3
240 513 1
240 707 2
240 145 2
240 638 4
240 968 4
241 590 6
241 194 8
241 213 4
241 957 7
241 480 5
241 362 4
241 877 2
241 374 6
241 273 3
241 462 7
241 790 1
242 418 4
242 292 9
242 369 10
242 922 9
242 711 8
242 583 5
242 748 2
243 521 6
243 63 7
243 841 4
243 121 4
243 277 3
243 65 8
243 406 6
243 519 3
243 262 4
243 43 10
243 483 9
243 410 6
243 82 6
243 591 1
244 549 3
244 639 3
244 907 6
244 445 4
245 317 3
245 696 3
245 793 9
245 472 7
246 258 4
246 318 3
246 494 5
246 423 9
246 460 2
246 146 7
246 367 4
246 527 7
246 291 3
247 337 6
247 765 3
247 459 7
247 562 8
247 777 6
247 245 7
247 685 5
248 382 4
248 687 10
248 610 6
248 970 7
248 788 10
248 57 9
248 103 6
248 496 2
248 183 10
248 228 6
248 792 7
248 709 2
248 762 9
248 991 8
248 49 4
249 271 10
249 504 2
249 756 9
249 906 3
249 340 4
249 108 8
249 721 4
249 370 1
249 119 2
249 496 8
249 480 7
249 456 3
249 799 5
249 723 6
249 157 1
249 856 3
249 419 5
249 760 2
249 808 6
250 498 2
250 864 1
250 366 5
250 851 4
250 727 6
250 244 7
250 210 4
250 843 6
250 804 1
250 587 5
251 273 4
251 545 1
251 656 8
251 867 8
251 731 10
251 626 10
251 969 6
251 540 10
251 811 8
251 655 9
251 669 7
251 810 9
251 138 3
251 471 9
251 70 10
252 413 6
252 384 5
252 647 6
252 797 9
252 266 8
253 194 10
253 100 10
253 776 2
253 625 3
253 901 9
253 312 4
253 300 10
253 853 1
253 451 3
253 414 5
253 85 3
254 264 5
254 408 8
254 593 7
254 174 2
254 366 4
254 897 2
254 802 4
254 456 6
254 548 10
254 437 9
254 873 5
254 508 6
254 692 2
254 913 1
254 908 3
254 807 1
254 121 4
254 88 8
254 188 8
255 563 6
255 742 4
255 288 9
255 995 4
255 97 6
256 659 3
256 922 7
256 472 6
256 329 5
256 884 5
256 165 7
256 530 4
257 361 7
257 508 5
257 905 6
257 266 9
257 696 2
257 850 7
257 73 9
257 575 4
257 256 8
257 738 8
257 606 5
257 571 10
257 772 7
257 117 10
257 88 5
257 885 2
257 909 6
257 581 9
258 272 8
258 985 5
258 779 2
258 696 3
258 649 5
258 644 6
258 245 9
258 967 10
259 262 8
259 404 8
259 627 6
259 763 3
259 722 3
259 503 10
259 464 6
259 752 9
259 620 3
259 662 7
259 127 10
259 329 3
259 214 1
259 44 1
259 584 4
260 410 9
260 419 1
260 767 4
260 394 3
260 993 8
260 475 4
260 835 8
260 185 9
260 950 8
260 508 10
260 846 3
260 167 6
261 731 2
261 914 3
261 689 4
261 480 10
262 290 3
262 628 6
262 784 10
262 566 6
262 900 2
262 734 8
262 849 9
262 719 6
262 44 2
262 673 8
262 809 1
262 766 4
262 103 8
263 321 8
263 845 3
263 768 7
263 926 9
263 693 8
263 385 7
263 805 5
263 265 3
263 778 9
263 644 10
264 772 5
264 791 6
264 763 9
264 362 10
264 809 5
264 65 8
264 516 5
264 531 7
265 413 5
266 367 3
266 721 1
266 290 5
267 871 8
267 993 8
267 440 10
267 932 7
267 688 1
267 638 6
267 565 8
267 491 2
267 860 8
267 288 5
267 878 4
268 504 1
268 941 2
268 944 3
268 775 7
268 945 9
268 877 1
268 592 7
268 314 4
268 591 10
268 762 7
268 716 3
268 542 1
268 885 3
268 85 8
268 238 6
268 365 2
268 332 1
268 884 6
268 353 3
269 439 3
269 875 4
269 742 10
269 733 5
269 827 6
269 721 10
269 199 3
269 383 9
269 921 2
269 761 9
269 511 4
269 272 6
269 758 2
269 298 4
269 57 6
269 852 4
269 691 2
269 646 9
269 580 7
269 955 7
269 563 2
269 507 3
269 723 5
270 503 2
270 651 1
270 228 6
270 331 8
270 287 9
270 594 10
270 627 1
270 509 1
270 88 8
270 160 1
270 188 8
271 277 4
271 126 2
271 206 2
271 143 6
271 94 3
271 244 10
271 926 4
271 76 8
271 238 10
271 722 7
271 808 1
271 263 1
271 319 1
271 606 6
271 343 5
271 267 3
271 716 9
272 598 7
272 281 10
272 946 1
272 554 8
272 726 3
272 221 9
272 781 6
272 266 8
272 701 2
273 925 8
273 830 1
273 682 9
273 147 5
273 332 10
273 810 4
274 302 5
274 786 7
274 817 9
274 949 5
274 995 7
274 706 3
274 357 10
274 728 4
274 542 4
274 779 2
274 715 10
274 412 3
275 381 8
275 239 2
275 260 3
275 862 3
275 784 2
275 778 4
275 885 5
275 166 1
275 878 6
275 217 9
275 542 1
275 686 7
275 229 6
276 400 10
276 637 2
276 85 10
276 583 9
276 230 9
276 677 1
276 845 7
276 569 9
276 448 8
277 331 6
277 713 3
277 370 1
277 740 3
277 759 3
277 321 5
277 919 8
278 564 9
278 756 10
278 26 9
279 447 10
279 713 10
279 764 5
279 66 2
279 991 6
279 576 5
279 896 7
279 662 3
279 226 2
279 694 4
279 981 3
279 333 2
279 878 10
280 452 3
280 770 1
280 566 10
280 682 5
280 148 4
280 329 3
280 824 5
280 185 8
280 494 9
280 747 5
281 578 8
281 608 4
281 787 10
281 908 2
281 289 2
281 757 7
281 370 3
281 938 3
281 824 10
282 304 5
282 425 3
282 614 1
282 357 2
282 266 4
282 970 6
282 171 1
282 561 9
282 510 6
282 86 5
282 4 9
282 656 4
283 671 2
283 787 8
283 963 4
283 572 5
284 391 8
284 539 3
284 120 8
284 843 8
284 744 4
284 486 7
284 749 2
284 670 6
284 277 9
285 320 1
285 978 10
285 291 2
285 136 5
285 700 3
285 226 4
285 288 8
285 531 10
285 377 1
285 998 3
285 693 3
285 709 2
285 145 5
285 783 7
285 238 8
285 619 7
285 509 5
285 548 7
286 740 7
286 949 5
286 741 10
287 747 4
287 810 5
287 542 4
287 843 2
287 859 10
288 995 3
288 656 1
288 638 4
288 688 10
289 80 10
289 410 10
289 894 9
289 214 1
289 963 5
289 994 2
289 527 4
289 393 10
289 500 4
289 696 10
291 509 1
291 817 8
291 113 10
291 604 4
291 626 6
291 678 2
291 736 9
292 662 5
292 752 3
292 710 5
292 174 3
292 293 7
292 561 1
293 153 5
293 926 4
293 57 10
293 706 5
293 940 7
293 939 4
293 989 2
293 981 4
293 726 2
294 319 3
294 991 1
294 57 7
294 562 1
294 292 1
294 318 4
294 754 2
294 130 7
294 809 5
294 493 2
294 855 4
295 352 9
295 693 10
295 633 2
296 397 3
296 286 4
296 843 1
296 714 5
296 792 9
296 648 8
296 554 7
296 941 6
297 399 1
297 793 2
297 179 3
297 685 7
297 996 2
297 882 6
297 25 1
297 978 7
297 683 4
297 279 1
297 742 3
297 302 5
297 974 3
298 532 9
298 678 8
298 730 8
298 596 6
298 136 7
298 698 8
298 837 1
298 512 4
299 449 2
299 652 10
299 847 2
299 812 1
299 385 2
299 655 1
299 95 10
299 611 10
299 800 2
299 808 3
299 818 9
299 967 5
299 789 8
299 885 3
299 785 3
299 432 4
299 912 5
299 953 3
299 27 8
300 948 8
300 696 2
300 401 7
300 967 4
301 816 6
301 911 5
301 369 4
301 806 1
301 220 5
301 205 10
301 340 7
301 210 3
301 314 5
301 538 10
301 529 5
302 396 5
302 450 2
302 777 4
302 784 5
302 55 8
302 360 6
302 109 5
302 711 7
302 750 9
302 773 1
302 418 1
302 745 6
302 897 7
302 699 5
302 624 9
303 982 6
303 662 4
303 473 1
303 649 6
303 501 6
303 644 10
303 215 8
304 350 9
304 392 4
304 432 7
304 621 7
304 878 5
304 530 6
304 247 1
304 734 2
304 351 3
304 818 8
304 865 1
304 605 2
304 371 8
304 107 5
304 280 10
304 951 1
304 881 4
305 328 7
305 563 4
305 82 6
305 680 9
305 903 2
305 733 2
305 392 6
305 486 3
305 786 9
306 332 7
306 846 8
306 751 2
307 460 1
307 963 6
308 765 5
308 142 5
308 500 6
308 325 3
308 899 4
308 699 9
308 444 9
308 594 1
308 553 9
308 793 8
309 761 8
309 755 6
309 736 4
309 875 8
309 950 4
309 692 9
309 518 9
309 943 8
310 345 4
310 962 8
310 994 1
310 605 2
310 644 8
311 667 3
311 360 7
311 371 3
311 146 5
311 152 5
311 733 4
311 929 10
311 557 9
311 576 8
311 470 10
311 957 2
312 774 6
312 932 2
312 531 7
312 875 8
312 904 7
312 635 3
312 377 2
312 327 3
312 392 7
312 486 7
313 560 5
313 885 5
313 284 5
313 434 9
313 599 10
313 337 5
314 620 4
314 482 5
314 481 1
314 341 10
314 756 7
315 514 1
315 789 1
315 197 2
315 502 4
315 60 5
315 232 4
315 896 5
315 862 1
315 341 7
315 999 8
315 66 7
315 592 10
315 273 9
316 498 9
316 788 1
316 367 9
317 657 4
317 373 1
317 345 1
317 721 6
317 656 5
317 963 2
318 448 3
318 565 7
318 644 5
318 242 6
318 63 5
318 527 7
318 750 10
319 467 2
319 673 2
319 950 9
319 397 7
319 317 7
319 902 4
319 781 3
319 384 8
319 347 6
319 696 7
320 468 10
320 654 6
320 299 2
320 373 7
320 776 3
320 631 5
320 279 8
320 160 1
320 812 6
320 220 7
320 552 4
320 818 9
321 493 6
321 904 1
321 772 7
321 287 10
321 214 9
321 244 1
322 708 8
322 788 7
322 371 10
322 344 8
322 364 2
322 66 3
322 316 5
322 558 7
322 911 5
322 5 8
322 277 2
323 768 4
323 764 9
323 459 2
323 73 5
323 500 3
323 778 4
323 797 3
324 352 5
324 414 7
324 495 9
324 726 2
324 858 1
324 901 3
325 694 9
325 831 8
325 648 2
325 774 1
325 658 10
325 840 3
325 819 2
326 438 8
326 999 8
326 244 4
326 105 6
326 973 1
326 215 3
326 292 3
326 738 10
326 257 9
326 774 10
326 309 3
327 683 1
327 779 3
327 844 5
328 731 2
328 674 5
328 517 6
328 761 9
328 100 8
328 677 4
328 781 9
328 823 5
329 428 8
329 750 9
329 408 10
329 80 6
329 713 7
329 581 9
329 742 8
329 771 3
330 683 10
330 926 7
330 608 10
330 644 7
330 943 3
330 949 5
331 941 8
331 802 3
332 642 2
332 806 4
332 638 1
332 497 1
332 615 8
332 645 1
332 413 2
332 569 8
332 663 5
333 780 9
333 345 9
333 245 1
333 623 7
333 355 5
334 438 6
334 666 5
334 743 9
334 919 5
334 849 4
334 553 6
334 227 7
334 659 4
335 426 5
335 800 3
335 342 1
335 125 10
335 398 8
335 715 2
335 148 3
335 927 9
336 411 2
336 491 1
336 742 7
336 80 2
336 4 6
336 744 6
336 849 7
336 715 8
336 666 10
336 705 8
337 453 6
337 567 4
337 674 6
337 256 5
337 424 8
337 286 10
337 196 10
338 727 7
338 998 10
338 339 10
338 766 10
338 734 10
338 584 6
338 327 6
338 906 2
338 220 9
338 509 6
339 375 3
339 792 1
339 293 4
339 85 8
339 988 8
339 976 2
339 797 7
339 810 10
339 590 7
339 603 7
340 394 5
340 277 2
340 333 4
340 361 4
340 143 1
341 370 9
341 409 3
341 481 1
341 331 10
342 445 4
342 735 10
342 546 4
342 924 7
342 205 4
342 980 10
342 949 9
342 161 5
343 669 10
343 672 8
343 544 1
343 219 3
343 341 1
343 651 10
343 575 9
343 390 3
343 31 3
343 338 8
344 442 10
344 568 9
344 903 4
344 513 2
344 213 3
344 937 3
344 419 8
344 788 3
344 648 1
344 221 5
344 619 4
344 423 6
345 575 1
345 926 9
345 775 1
346 762 10
346 777 8
346 967 10
346 473 9
346 88 10
347 438 7
347 680 9
347 391 3
347 639 8
347 97 6
347 892 7
347 821 6
347 491 4
347 807 5
347 352 8
348 368 7
348 469 5
348 99 8
348 561 5
348 904 6
349 686 2
349 733 1
349 852 8
349 230 2
349 179 10
349 511 10
349 107 8
349 300 10
349 792 10
349 756 2
349 314 4
349 506 9
349 624 8
349 157 9
349 721 5
349 877 9
350 458 4
350 533 10
350 717 6
350 693 6
350 689 4
350 857 3
350 675 10
350 926 5
350 639 6
350 530 3
350 75 6
350 380 10
351 969 1
351 694 8
351 217 6
351 25 4
351 770 3
351 998 8
351 334 8
351 99 2
351 712 9
351 136 3
351 214 3
351 883 9
352 388 3
353 377 6
353 612 6
353 618 6
353 860 7
353 699 3
353 57 5
353 455 10
353 858 7
353 444 4
353 385 8
353 771 9
353 859 10
354 658 4
354 362 1
354 314 6
354 780 7
354 699 2
354 616 3
354 606 5
354 930 4
354 146 9
354 353 5
354 979 1
355 252 8
355 113 4
355 604 10
355 428 9
356 400 7
357 537 3
357 898 4
357 860 6
357 830 7
357 136 5
357 673 10
357 719 7
357 468 5
357 196 2
357 764 2
357 125 3
358 487 9
358 547 7
358 555 5
358 641 7
358 229 10
358 412 10
358 82 10
358 739 2
358 492 5
358 658 2
359 693 5
359 410 7
360 849 8
360 872 8
360 973 10
360 368 9
360 851 4
360 906 9
360 695 4
361 107 3
362 460 7
362 832 6
362 645 1
362 487 3
363 389 1
363 619 2
363 751 7
363 754 8
363 985 2
363 556 8
363 111 4
363 267 2
363 566 5
363 746 1
363 353 9
363 903 7
363 714 3
363 477 5
363 469 4
363 963 10
363 600 4
364 822 1
364 214 3
365 53 3
365 556 10
365 854 2
365 815 1
366 736 3
366 776 5
366 788 5
366 923 5
368 662 1
368 967 8
368 359 2
368 805 4
368 907 2
368 719 8
368 915 9
368 502 9
368 473 1
368 531 9
369 309 2
369 270 1
369 870 4
369 688 3
369 277 10
370 185 6
370 594 2
371 561 3
371 252 2
371 214 7
371 188 9
372 455 3
372 611 7
372 775 5
372 208 7
372 9 9
372 402 1
372 212 4
372 913 8
372 321 9
372 184 2
372 868 9
372 648 8
372 389 2
373 422 2
373 144 4
373 393 10
373 822 7
373 540 6
374 609 8
374 300 4
374 288 6
374 831 8
374 340 4
374 725 8
374 107 2
375 566 8
375 657 10
375 479 7
375 599 10
375 446 5
375 554 6
376 628 1
376 382 6
376 157 8
376 189 2
376 174 9
376 311 9
376 740 10
376 581 8
376 122 10
376 387 9
376 346 4
376 847 2
376 866 10
376 257 3
376 351 2
376 73 1
376 40 4
377 45 9
377 505 1
377 971 5
377 872 10
377 831 6
378 783 10
378 103 10
378 575 10
378 882 10
379 332 2
379 763 5
379 498 9
379 691 7
379 369 4
379 578 7
379 472 8
379 832 8
379 989 4
379 371 10
379 538 10
380 502 1
380 374 7
380 619 9
380 790 9
380 551 2
380 289 3
380 975 10
380 286 1
381 526 10
381 567 10
381 853 9
381 600 1
382 570 2
382 992 10
382 466 5
382 770 2
382 94 9
382 665 8
382 657 7
382 164 8
382 44 10
382 274 5
382 910 10
382 306 6
382 777 5
383 358 3
383 330 6
383 263 1
383 117 5
383 495 5
383 281 8
383 665 7
383 634 4
384 395 7
384 831 4
384 972 3
385 630 6
385 784 2
385 922 3
385 642 5
386 410 8
386 691 6
386 741 3
387 903 7
387 940 2
387 401 8
388 921 3
388 748 8
388 367 7
389 691 5
389 730 1
389 853 1
389 821 8
389 760 7
390 569 6
391 466 7
391 194 2
391 939 6
391 472 3
391 750 3
392 568 1
392 317 7
392 854 3
392 448 4
392 386 5
392 487 6
393 833 1
393 147 10
393 705 6
394 928 5
394 750 3
394 229 9
394 341 6
394 478 7
394 738 4
395 90 2
395 791 2
395 266 5
395 551 1
396 516 2
396 784 1
396 287 4
396 758 2
396 717 5
396 698 7
396 409 3
396 375 10
396 321 9
396 339 1
396 418 9
396 261 7
396 272 2
396 964 3
397 796 3
397 929 3
397 148 3
397 437 1
397 347 8
397 741 7
398 437 3
398 743 9
398 865 3
398 988 8
398 233 5
398 808 6
399 465 3
399 351 8
399 582 1
399 101 8
399 105 4
399 858 5
399 409 7
399 439 8
399 428 10
399 575 6
399 53 1
399 570 6
399 820 1
399 327 2
400 633 6
400 635 7
401 985 7
401 656 5
401 951 1
401 633 3
402 517 9
402 965 4
402 763 2
402 554 5
402 853 10
402 655 10
402 920 2
403 645 9
403 690 6
403 710 4
403 879 1
403 946 5
403 75 2
403 903 4
403 630 6
403 956 9
403 709 9
403 86 8
403 964 9
403 71 4
403 703 2
404 459 3
404 277 5
404 378 7
404 794 6
404 670 9
405 886 5
405 358 2
405 81 3
405 473 3
405 511 6
405 171 2
405 174 8
405 80 3
405 610 8
405 465 10
405 488 6
405 357 7
405 330 3
405 902 6
405 654 10
405 183 10
406 475 9
406 488 9
406 956 7
406 535 7
406 886 5
406 461 6
406 866 5
406 571 7
406 394 6
407 834 9
407 364 2
407 679 9
407 497 10
407 347 10
407 24 9
407 709 8
407 234 7
407 304 7
407 85 6
407 755 3
407 782 8
407 979 2
407 999 5
407 290 2
407 530 10
407 455 1
407 157 10
408 647 6
408 556 6
408 576 1
408 918 5
408 711 8
408 558 7
408 969 8
408 428 9
408 81 8
408 985 8
408 470 6
408 143 2
409 527 3
409 680 6
409 604 3
409 355 7
409 310 3
409 951 5
409 572 6
409 987 6
411 535 3
411 716 2
411 691 9
411 628 9
411 308 3
411 976 5
411 196 4
412 841 7
412 914 4
412 99 3
412 849 4
412 53 2
412 713 8
413 622 5
413 581 8
414 685 4
414 740 1
414 587 6
414 603 8
415 245 6
415 551 10
415 963 5
415 477 2
415 971 7
415 472 4
416 881 10
416 997 1
416 714 4
416 677 9
416 378 7
416 794 7
416 390 3
416 289 4
417 559 3
417 389 6
417 866 10
417 400 9
417 548 2
417 506 5
417 814 2
417 930 10
418 481 8
418 744 1
418 554 10
418 901 6
418 103 5
418 281 2
418 771 2
418 421 6
418 775 9
418 792 6
419 679 2
419 298 2
419 111 8
419 264 4
419 513 8
419 747 3
419 144 9
419 192 10
419 515 9
419 951 8
419 551 7
419 745 8
419 753 10
419 716 6
419 363 2
420 530 5
420 573 2
420 794 6
420 670 2
420 790 4
420 483 4
421 835 2
421 420 10
421 565 10
421 329 7
421 423 5
421 413 5
421 469 9
422 753 4
422 837 3
422 981 4
422 802 5
422 686 9
423 806 9
423 594 4
423 483 4
424 937 4
424 461 6
424 371 9
424 404 8
424 312 8
424 587 9
424 948 6
424 355 2
425 431 5
425 702 4
425 887 10
425 145 6
425 820 8
425 447 8
425 773 2
425 959 3
425 332 5
425 39 10
425 655 9
425 187 7
425 373 6
425 647 10
425 1000 4
426 544 10
426 720 5
426 857 4
426 474 1
426 257 4
426 806 10
427 485 1
427 893 1
427 897 1
427 210 3
427 714 6
427 818 3
427 150 1
427 212 10
427 314 2
427 627 5
427 413 3
427 615 8
427 869 7
428 663 8
429 561 1
429 943 3
429 466 3
429 760 3
429 691 3
429 668 9
429 643 6
429 866 3
429 919 3
430 629 3
430 859 7
430 340 8
430 992 2
430 165 3
430 383 7
430 338 8
430 516 2
430 595 5
430 495 9
431 470 6
431 900 3
431 595 9
431 462 1
431 718 4
431 997 2
431 892 7
431 770 7
431 911 1
432 700 1
432 244 2
432 800 8
432 117 9
432 84 6
432 654 10
432 996 9
432 771 10
432 930 6
432 877 1
433 456 1
433 430 7
433 693 4
433 328 10
434 305 9
434 799 7
434 556 8
434 264 4
434 656 6
434 374 7
435 838 6
435 41 10
435 90 1
435 343 4
435 69 7
435 606 3
435 284 4
435 293 3
435 154 3
435 938 8
435 334 9
436 513 10
436 640 1
436 711 1
436 872 3
436 327 5
436 480 5
436 388 8
436 455 5
436 637 2
436 689 8
437 726 5
437 994 8
437 359 1
438 790 4
438 63 5
438 549 6
438 581 2
438 213 5
438 469 7
439 602 9
439 800 3
439 866 5
439 891 10
439 673 2
439 746 6
439 742 8
439 522 10
439 4 8
439 126 9
439 591 5
439 872 5
440 783 6
440 509 3
440 863 2
440 851 9
440 400 8
440 992 3
441 455 7
441 964 4
441 469 2
441 472 7
441 578 10
441 317 8
442 582 10
442 716 10
442 632 7
442 813 9
442 703 3
442 479 3
442 614 8
442 546 9
442 259 7
442 160 1
442 234 7
442 296 5
442 57 3
443 636 7
443 712 6
443 172 9
443 938 2
443 933 4
443 753 5
443 731 4
443 452 1
443 533 1
443 420 6
444 990 5
444 670 7
445 185 6
445 63 9
445 604 9
445 915 9
446 289 5
446 81 4
446 97 5
446 204 9
446 963 4
446 832 10
447 771 5
447 837 8
447 377 5
447 791 6
447 529 9
447 525 8
447 290 10
447 872 4
447 638 10
448 990 1
448 483 7
448 808 5
449 96 8
449 456 8
449 418 4
449 398 8
449 660 4
449 287 3
449 424 10
449 359 2
450 905 5
450 977 10
450 561 1
450 439 1
450 906 10
450 366 10
450 693 1
450 463 9
450 828 5
450 220 10
450 915 10
450 459 5
450 859 6
450 781 6
450 633 9
451 196 3
451 470 7
451 719 9
451 614 10
451 152 6
451 692 3
451 549 1
451 573 3
451 386 5
451 976 2
452 701 7
452 729 6
452 993 6
452 913 9
452 759 8
452 961 1
452 603 6
452 562 8
452 401 8
452 63 6
452 185 1
452 637 4
452 367 2
452 694 6
452 572 6
453 682 9
453 543 7
453 906 2
453 858 9
453 942 3
454 10 10
454 619 3
454 802 5
455 706 7
455 543 6
455 864 6
455 390 9
456 915 1
456 796 7
456 628 3
456 849 6
456 797 6
456 921 10
456 943 4
457 480 8
457 581 6
457 914 3
457 951 7
457 401 5
457 763 6
457 461 4
458 1000 3
458 448 8
458 862 5
458 229 10
459 607 6
459 643 5
459 832 6
459 753 9
459 972 10
459 235 10
460 616 10
460 740 2
460 981 1
460 624 10
460 833 3
460 364 8
460 927 4
460 631 9
461 695 6
461 951 6
461 845 4
461 819 7
461 633 6
461 147 6
461 494 6
461 448 2
461 345 10
462 737 1
462 942 10
462 663 5
462 787 9
462 815 2
462 595 2
463 746 10
463 797 8
464 728 8
464 736 2
464 362 8
464 900 2
464 695 3
464 321 3
464 397 7
464 147 2
464 929 2
465 403 8
465 647 9
465 369 2
465 663 2
465 113 2
465 391 3
465 99 10
465 525 6
465 853 8
465 749 5
466 447 1
466 703 2
466 737 3
466 530 2
466 790 2
466 732 7
466 746 1
466 980 6
467 524 4
467 745 1
467 747 1
467 506 8
467 891 2
468 75 6
468 738 1
468 551 7
468 792 1
468 713 10
468 537 6
468 870 9
468 603 5
469 501 10
469 486 10
469 692 6
469 483 6
469 204 1
470 287 2
471 596 2
471 694 2
471 555 4
471 100 9
471 707 10
471 308 7
471 364 5
471 685 1
472 516 5
472 410 7
472 962 4
472 740 9
473 897 4
473 518 5
473 707 4
473 424 1
473 509 2
473 414 3
474 528 9
474 747 10
474 643 2
474 39 2
474 262 9
474 370 9
474 955 2
474 614 10
474 513 10
474 595 7
474 804 1
474 448 9
474 518 4
475 989 9
475 583 2
475 998 8
475 923 6
475 701 2
475 815 10
475 543 4
475 395 10
475 328 6
475 155 2
475 337 5
475 153 6
475 242 1
475 340 6
476 367 4
476 862 9
476 807 3
476 578 8
477 525 3
478 558 1
478 896 6
478 644 3
479 882 9
479 594 7
480 999 3
480 781 8
480 792 2
480 341 9
480 695 5
480 738 1
480 534 8
481 505 1
481 651 10
481 969 7
481 892 8
481 810 2
482 530 1
482 168 2
482 841 5
482 659 8
483 930 10
483 964 9
483 958 3
483 307 1
483 969 1
483 772 6
483 793 2
484 924 10
484 413 4
484 975 6
484 899 3
484 746 5
484 699 10
484 997 9
484 683 9
485 956 8
485 114 1
485 636 9
485 752 2
485 827 9
485 350 2
485 451 4
485 764 5
485 847 8
485 549 1
485 575 8
485 82 9
485 630 6
486 630 8
486 549 4
486 306 9
486 619 7
486 289 9
486 635 4
486 414 6
487 462 7
487 721 1
487 759 1
487 478 6
488 909 10
488 750 9
488 361 8
488 66 4
488 319 9
488 527 8
488 280 4
488 930 2
488 751 3
489 234 4
489 875 7
489 927 4
489 498 5
489 609 2
489 748 6
489 629 3
489 665 7
489 625 6
489 915 8
490 451 4
490 611 5
490 613 1
490 275 7
490 523 4
490 877 10
490 653 4
490 129 9
491 659 10
491 711 2
491 892 10
491 300 9
491 811 7
491 779 3
491 615 9
492 927 7
492 528 5
492 710 4
492 361 3
492 455 10
492 347 4
492 742 2
493 548 5
493 981 4
493 324 3
493 994 9
493 968 9
494 688 9
494 613 6
494 682 2
495 497 6
495 599 5
495 732 2
495 370 4
495 572 5
495 331 4
495 766 3
495 693 5
495 985 1
496 845 5
496 331 10
496 569 10
496 6 7
496 397 7
496 969 9
496 146 9
496 595 5
496 92 9
496 204 1
496 635 7
496 316 9
496 983 2
496 940 3
496 596 10
496 901 1
496 577 10
496 309 3
496 748 5
497 213 9
497 498 9
497 445 6
498 748 5
498 760 1
498 49 6
498 918 4
498 529 9
499 721 6
499 36 9
499 844 10
499 289 7
499 545 2
499 625 7
499 100 7
499 590 8
499 762 5
500 63 4
500 948 2
501 617 8
501 691 2
501 939 2
501 907 10
502 661 7
502 949 5
502 437 9
502 780 8
502 542 7
502 423 10
503 4 2
503 288 1
503 170 9
503 49 1
503 329 6
503 689 10
503 375 7
503 363 10
503 961 10
503 493 10
503 786 5
504 96 6
504 739 6
504 381 3
504 848 6
504 436 7
504 105 5
504 692 4
504 982 9
504 915 6
504 413 8
504 617 8
505 594 5
505 618 5
505 896 2
505 806 10
505 265 1
506 606 8
506 751 2
507 763 10
507 935 6
507 214 8
507 669 3
507 627 7
507 103 6
507 282 7
507 605 2
508 755 1
508 874 6
508 647 3
508 506 5
508 754 1
508 894 4
509 557 8
509 894 7
509 317 6
509 332 5
509 530 10
510 862 2
510 261 6
510 799 8
510 568 6
510 779 6
510 960 5
510 616 8
510 792 7
511 649 3
511 739 9
511 247 7
511 617 10
511 316 3
511 314 8
511 671 3
511 978 8
511 286 3
511 291 5
511 578 3
512 863 6
512 305 9
512 245 8
512 582 4
512 334 3
512 683 5
512 797 10
512 167 2
512 726 9
512 575 7
512 599 6
513 517 4
513 477 10
513 166 7
513 152 2
513 317 3
513 797 1
513 378 9
513 783 4
513 144 5
513 749 3
514 554 10
514 953 4
514 78 2
514 673 5
514 879 5
514 805 5
514 510 8
514 754 7
514 101 1
514 506 10
514 381 6
514 232 10
515 718 5
515 876 10
515 902 4
515 933 6
515 221 9
515 352 1
515 447 4
515 481 1
515 494 8
515 908 5
515 601 1
515 501 10
515 413 6
515 85 10
516 859 7
516 841 3
517 957 9
517 894 2
517 623 10
517 364 3
517 774 10
517 361 7
518 572 9
518 458 5
518 66 5
518 975 8
518 995 1
518 535 5
518 774 10
518 494 6
518 794 2
518 103 5
519 450 4
519 911 8
519 311 9
519 105 7
519 115 7
519 366 10
519 144 4
519 465 10
519 145 10
519 43 1
519 628 9
519 344 7
519 615 8
519 937 10
519 598 2
519 637 9
520 893 9
520 503 5
520 190 4
520 417 5
520 647 4
520 482 5
520 225 2
520 212 8
520 317 7
520 872 4
520 897 4
521 586 8
521 655 6
521 837 2
521 202 6
521 445 6
521 683 4
521 326 7
521 450 9
521 667 2
521 897 2
521 869 4
521 55 3
521 756 8
521 748 8
521 928 5
521 285 2
521 674 4
522 246 2
522 716 1
522 741 8
522 813 8
522 25 1
522 276 10
522 252 9
522 367 6
522 892 7
522 971 2
523 681 5
523 895 5
523 544 10
523 297 7
523 245 1
523 805 3
523 73 9
523 727 5
523 765 10
523 469 5
523 754 1
523 835 9
524 508 6
524 434 8
524 410 1
524 859 5
524 561 1
524 701 10
524 130 10
524 755 5
524 476 1
524 985 8
524 533 7
524 794 6
524 808 3
524 647 3
525 802 2
525 356 4
525 578 5
525 808 10
526 592 4
526 601 7
526 440 8
526 582 5
526 308 3
526 805 8
526 994 2
526 125 9
526 291 5
526 305 9
526 103 10
526 831 3
527 66 4
528 605 9
528 805 9
528 368 3
528 393 4
528 962 2
528 518 5
528 361 6
528 935 7
528 608 10
529 981 4
529 972 9
529 331 4
530 913 4
530 233 3
530 685 3
530 229 5
530 988 6
530 725 5
530 388 10
530 788 10
531 223 2
532 658 9
532 857 5
532 766 5
532 909 6
532 976 5
532 910 2
532 883 5
532 692 3
532 768 1
533 101 9
533 954 5
533 562 4
533 295 2
533 314 8
533 601 4
533 853 7
533 186 1
533 263 8
533 27 3
533 798 2
534 288 6
534 819 4
534 244 3
534 470 8
534 773 1
535 773 6
535 413 7
535 956 3
536 589 3
536 79 7
536 594 4
536 377 9
536 875 8
536 323 10
536 252 4
536 820 9
536 194 8
536 174 4
536 675 1
537 162 5
537 787 2
537 484 10
537 745 5
537 235 9
537 941 9
537 694 10
538 506 10
538 748 5
538 615 10
538 645 2
539 621 1
539 939 1
539 956 5
539 865 5
540 771 7
540 147 4
540 422 5
541 664 2
541 745 1
541 233 2
541 397 2
541 69 2
541 212 2
541 483 9
541 673 7
541 721 8
541 634 2
541 27 9
541 868 10
542 558 7
542 497 2
542 622 1
542 673 5
542 822 3
543 638 5
543 963 9
543 506 2
543 846 5
543 317 7
543 682 4
544 575 10
544 536 3
544 332 2
544 927 7
544 497 6
544 809 4
544 74 5
544 677 1
544 868 2
544 707 4
544 576 3
544 619 3
544 299 5
544 652 10
545 452 5
545 354 2
545 532 3
545 595 7
545 835 7
545 789 5
545 686 6
545 146 2
545 701 9
545 950 6
546 864 9
546 980 7
547 617 7
547 853 6
547 589 7
547 958 3
548 642 6
548 882 6
549 774 4
549 771 7
550 869 2
550 171 6
550 684 10
550 587 7
550 899 5
550 448 6
550 774 2
550 548 9
550 193 3
550 552 4
551 833 7
551 896 3
552 519 5
552 358 4
552 97 5
552 860 4
552 673 2
552 53 6
553 171 2
553 53 6
553 765 9
553 958 1
553 968 5
553 945 10
553 355 9
553 306 9
554 757 7
554 154 1
554 27 10
554 929 5
554 612 4
554 265 9
554 330 3
554 547 3
554 410 8
554 595 10
554 779 10
554 295 5
554 141 8
554 586 1
555 815 5
556 942 9
556 862 1
556 618 3
556 82 2
556 845 4
556 143 1
557 482 8
557 802 7
557 65 7
557 500 1
557 987 4
558 935 10
558 927 5
558 476 2
558 633 6
558 866 1
558 658 8
559 768 7
559 112 3
559 100 4
559 629 1
559 398 10
559 797 3
559 621 8
559 974 1
559 975 5
559 736 5
559 639 9
559 885 10
560 910 2
560 357 8
560 349 5
560 781 6
560 966 6
560 353 8
560 481 5
560 622 5
560 117 8
560 737 5
560 648 3
560 562 10
560 308 6
561 491 5
561 899 10
561 892 3
561 758 2
561 595 1
561 80 5
561 843 6
561 737 5
561 277 4
562 822 6
562 951 10
562 378 6
562 578 3
562 290 2
562 581 9
563 902 2
563 429 1
563 416 1
563 783 2
563 510 3
563 679 9
563 472 3
563 672 4
564 408 3
564 347 10
564 563 2
564 453 4
564 239 2
564 746 6
564 543 9
564 691 3
564 630 3
565 824 6
565 505 3
565 340 6
565 647 7
565 988 1
566 109 5
566 143 1
566 832 3
566 875 5
566 241 9
566 668 6
566 997 7
566 684 1
566 267 3
566 757 5
566 851 8
566 233 10
566 159 1
566 707 10
567 120 1
567 707 7
567 899 6
567 974 8
567 684 6
567 713 10
567 779 10
568 609 1
568 987 3
568 107 5
568 444 7
568 865 5
568 317 6
568 631 7
569 639 10
569 837 2
570 486 2
570 174 2
570 736 10
570 799 2
570 644 2
570 607 8
570 642 4
570 448 7
570 972 3
570 600 10
571 738 4
571 555 6
571 477 10
571 90 6
572 428 5
572 645 8
572 413 8
572 477 1
572 852 4
573 811 4
573 220 3
573 457 8
573 810 7
573 120 10
573 680 1
573 723 10
573 754 1
573 638 6
573 705 9
573 881 8
574 698 5
574 258 1
574 978 1
574 865 7
574 304 8
574 544 6
574 988 9
574 776 10
574 623 7
574 43 4
574 973 5
574 245 9
574 344 7
575 367 9
575 538 3
575 862 2
576 587 8
576 722 9
576 516 6
576 615 2
576 709 1
577 631 1
577 820 10
577 212 10
577 739 7
577 144 9
577 916 5
577 684 4
577 923 1
577 97 2
577 46 2
577 926 5
577 759 7
577 856 8
577 725 4
577 323 9
578 575 2
579 307 6
579 684 4
579 915 1
579 215 7
579 283 7
579 448 1
579 788 2
579 470 3
579 968 8
579 288 3
580 595 4
580 788 7
580 826 7
580 159 5
580 706 8
580 124 3
580 259 10
580 470 6
580 934 3
580 390 6
580 805 8
580 393 6
581 882 2
581 352 5
581 866 8
582 591 2
582 954 10
582 440 5
582 321 10
582 638 9
582 483 8
582 817 3
582 751 4
582 547 1
582 204 10
582 747 9
582 554 8
582 750 8
583 927 5
584 854 6
584 437 6
584 756 1
584 81 10
584 502 10
584 815 5
585 890 9
585 858 2
585 279 5
585 583 10
585 510 4
585 721 9
585 646 6
585 706 2
586 668 6
586 957 3
586 968 1
586 261 6
586 498 2
587 808 10
587 960 4
587 428 3
587 81 5
587 993 5
588 676 10
588 898 6
588 999 10
588 833 1
588 185 8
588 750 2
588 630 6
588 539 1
588 187 10
589 821 4
589 737 9
589 531 6
589 908 3
590 760 10
590 617 1
590 665 9
590 721 10
590 245 2
590 472 3
590 306 9
591 273 5
591 948 10
591 643 5
591 511 10
591 969 10
591 674 2
591 927 3
591 824 2
592 741 10
592 467 1
592 663 9
592 124 3
592 386 7
592 837 3
592 294 7
592 291 4
592 448 8
592 771 6
592 791 7
593 172 1
593 735 4
593 323 2
593 468 2
593 134 8
593 145 9
593 821 1
595 773 2
595 939 2
595 688 4
595 678 3
595 990 9
596 750 5
596 904 4
596 795 4
596 458 9
596 245 10
596 230 2
596 506 10
596 862 10
596 896 9
596 532 1
597 666 2
597 975 8
597 281 6
597 674 5
597 289 4
597 338 2
597 533 10
597 991 6
597 930 5
597 156 9
598 829 8
598 922 8
598 899 4
598 157 2
598 768 10
598 730 2
599 746 6
599 919 2
599 908 4
600 626 6
600 933 10
600 670 10
600 942 4
601 622 5
601 572 2
601 892 5
601 624 6
601 455 8
601 639 9
601 458 3
601 921 2
602 310 2
602 832 6
602 786 8
602 90 10
602 257 7
602 39 8
602 699 5
602 567 7
602 815 3
603 143 8
603 384 3
603 968 10
604 571 3
604 583 4
604 505 5
605 793 4
605 395 4
605 914 7
607 632 7
607 668 10
607 812 7
607 239 1
607 484 3
607 775 7
607 568 2
607 756 8
608 698 5
608 741 3
608 145 3
608 481 6
608 923 8
608 630 9
609 906 1
609 685 4
609 502 9
609 821 3
609 542 4
610 676 1
610 509 8
610 491 1
610 910 4
610 379 4
610 178 9
610 824 6
610 515 2
610 678 9
611 951 3
611 51 6
611 310 1
611 314 8
611 430 9
611 127 6
611 323 8
611 368 1
611 699 4
611 524 5
611 464 10
611 658 9
612 662 1
612 784 6
612 615 10
612 124 8
612 144 5
613 714 7
613 993 3
613 942 10
613 516 5
614 84 8
614 487 3
614 997 9
614 420 4
614 830 9
616 332 2
616 718 2
616 551 2
616 670 2
617 635 8
617 408 9
617 415 8
617 961 2
617 928 3
617 266 2
617 692 7
617 921 1
618 815 4
618 960 7
618 780 6
619 670 5
619 797 10
619 710 9
621 634 7
621 535 1
621 777 2
621 307 4
621 980 5
621 899 2
622 506 7
622 229 7
622 555 9
622 864 2
623 124 7
623 945 8
623 759 5
623 390 3
623 121 1
623 413 8
624 864 3
624 642 5
625 549 9
625 607 7
625 576 1
625 397 6
625 760 10
625 766 9
625 157 2
625 974 6
625 713 4
625 121 3
625 113 9
626 674 3
626 884 6
626 921 2
626 487 9
626 428 3
626 954 3
626 290 9
626 144 9
626 802 3
627 421 3
627 570 3
627 553 3
627 324 8
627 732 8
627 314 2
627 904 4
628 744 7
628 395 2
628 897 7
628 517 6
628 325 1
628 447 6
628 481 3
628 603 7
628 917 7
628 311 5
628 624 4
628 991 5
628 822 1
628 431 10
628 978 9
628 797 4
628 347 6
628 843 8
628 120 7
628 444 5
628 715 3
629 641 1
629 409 8
629 793 7
629 25 2
629 371 10
629 434 3
629 339 1
629 456 1
630 82 8
631 972 4
631 721 9
631 901 3
631 620 6
631 223 5
632 715 2
632 759 10
632 362 9
632 662 4
632 579 6
632 815 6
633 912 5
634 819 3
634 386 6
634 956 5
634 658 3
635 476 5
636 435 6
636 671 3
636 875 4
636 837 3
636 209 9
636 65 4
636 510 6
636 998 10
636 835 9
636 989 4
637 648 7
637 730 7
637 210 3
637 245 10
637 654 3
637 798 8
637 881 6
637 979 5
637 923 9
637 179 1
637 946 8
637 145 8
637 82 7
638 980 10
638 677 8
638 914 6
638 316 2
638 525 6
639 66 1
640 115 2
640 780 5
640 311 3
640 727 1
640 732 5
640 331 4
640 141 3
640 103 5
640 416 9
640 535 6
640 899 10
640 878 1
640 133 8
641 247 9
641 461 3
641 626 9
641 517 5
641 561 1
641 494 7
642 914 2
643 480 8
643 227 4
643 594 4
643 999 3
643 663 10
643 738 6
643 873 6
643 807 3
643 576 9
646 360 8
646 482 3
646 870 9
646 152 2
646 27 9
646 703 2
646 539 6
646 546 3
647 807 5
647 776 7
648 679 1
648 548 9
649 990 6
649 786 10
649 997 2
649 244 10
649 385 3
649 994 5
649 316 5
649 380 6
650 959 7
650 393 9
650 405 9
650 398 5
650 263 5
650 74 7
650 647 10
650 312 4
650 836 4
650 935 1
650 904 10
650 828 6
650 442 10
650 309 6
650 330 3
651 1000 8
651 696 7
651 776 10
652 488 9
652 542 2
652 408 6
652 97 8
652 764 2
652 767 3
652 31 10
652 259 8
653 868 7
653 856 2
653 350 5
653 934 8
653 348 4
653 807 3
653 814 10
653 932 2
653 257 6
653 448 3
653 839 4
653 404 2
653 746 7
653 154 7
653 784 6
653 230 1
654 814 10
654 832 4
654 871 1
654 960 10
654 530 4
654 851 9
654 330 10
654 165 7
655 118 1
655 117 8
655 968 1
655 287 7
655 289 9
655 495 9
656 663 5
656 864 4
657 780 9
657 939 4
657 341 8
657 961 9
658 290 1
658 645 7
659 57 9
659 748 1
659 555 1
659 1000 5
659 747 10
659 799 7
660 880 1
660 181 2
660 653 10
660 662 6
660 765 8
660 878 7
660 659 4
660 408 1
661 949 2
661 823 10
661 850 7
661 741 4
661 878 5
661 807 10
662 672 5
662 844 2
662 907 9
662 332 7
662 256 2
662 283 4
662 673 6
662 684 10
662 168 5
663 956 2
663 882 10
663 594 8
664 571 9
664 50 10
664 382 5
664 64 5
664 746 2
664 438 7
664 404 10
664 355 2
664 847 7
664 913 8
664 717 3
665 900 8
665 239 1
665 778 10
665 400 10
665 740 1
665 483 2
665 848 5
666 810 9
666 316 4
666 570 10
666 755 10
666 380 6
666 331 5
666 969 5
666 481 3
666 747 5
666 875 5
666 772 9
666 345 7
667 99 7
667 25 10
667 645 10
667 463 10
667 884 6
667 865 10
668 832 7
668 709 8
668 778 9
668 584 3
668 995 4
669 653 5
669 80 5
669 276 6
669 137 2
669 687 7
669 253 7
669 287 10
669 383 8
669 852 5
669 528 7
670 500 1
670 569 4
670 571 5
670 943 5
670 478 1
670 915 8
670 912 10
671 771 1
671 987 8
671 370 1
671 797 10
672 347 1
672 461 6
672 843 7
672 734 5
672 529 10
672 587 5
672 663 8
672 678 6
672 854 2
672 506 4
672 810 6
673 516 5
673 901 10
673 894 5
673 748 7
674 389 9
674 853 5
674 571 9
674 804 3
674 806 3
674 124 6
674 883 2
675 629 1
675 966 2
675 493 5
675 651 4
675 414 9
675 917 2
675 825 9
675 179 8
675 925 5
675 375 5
675 401 2
675 951 9
675 895 4
675 378 4
675 429 1
675 566 8
675 755 10
676 133 9
676 942 5
676 924 6
676 651 9
676 960 5
676 800 6
676 685 3
676 147 5
676 318 9
676 770 1
676 822 3
676 673 10
677 81 2
678 982 9
679 756 3
679 846 5
679 386 3
680 81 5
681 494 9
681 228 8
681 808 1
681 352 2
681 263 6
681 516 8
681 359 1
681 201 7
681 493 7
681 80 8
681 891 3
681 154 5
681 223 5
681 539 4
681 569 9
681 113 1
681 641 2
682 283 2
682 686 8
682 316 10
682 551 2
682 448 2
683 392 2
683 722 5
683 756 10
683 616 9
684 287 7
685 529 6
685 850 8
685 969 9
685 926 1
685 364 7
686 527 10
686 941 5
686 866 1
686 538 4
687 272 8
687 926 6
687 300 10
687 887 10
687 289 7
687 892 4
687 962 10
687 480 1
687 147 2
688 972 8
688 656 7
688 583 2
688 525 4
688 531 6
688 618 2
688 807 9
688 773 4
688 734 6
689 738 9
689 896 7
689 922 8
689 584 8
689 600 3
689 501 9
689 899 2
689 317 2
689 401 3
689 961 9
689 824 9
689 599 8
689 833 2
690 939 5
690 616 3
690 219 4
690 90 5
690 418 1
690 330 2
690 71 8
690 154 9
690 800 5
690 823 2
690 695 6
691 850 3
691 904 9
691 606 1
692 971 9
692 373 2
692 410 2
692 388 6
693 751 2
694 749 10
694 974 2
694 949 1
694 638 4
694 858 5
694 437 4
694 883 6
694 549 10
694 587 4
695 968 10
695 491 4
695 750 3
695 616 7
695 469 1
695 928 1
695 852 6
695 638 9
696 107 10
696 845 4
696 252 8
696 810 8
696 642 3
696 498 2
697 486 2
697 557 9
697 201 3
697 879 4
697 630 4
697 988 3
697 333 6
697 966 10
697 749 2
697 681 5
698 679 3
698 845 10
698 448 1
698 601 8
698 359 8
699 534 2
699 896 6
699 329 4
699 500 4
699 97 6
699 740 5
699 445 8
699 721 3
699 230 1
700 353 7
700 397 9
700 448 7
701 760 5
701 900 7
701 630 1
701 896 3
701 113 9
702 663 5
702 45 1
702 257 4
702 280 9
702 935 10
702 51 3
702 928 1
702 852 4
702 397 3
702 429 6
702 143 7
703 766 6
703 844 2
703 152 3
703 470 6
703 604 5
704 836 10
704 133 5
704 891 4
704 997 6
704 570 4
704 221 3
704 509 7
704 356 9
704 418 2
704 543 1
704 230 4
704 408 8
704 762 2
704 383 2
704 718 8
704 902 2
705 386 9
705 613 3
705 400 2
706 922 5
706 788 9
706 760 8
707 862 5
707 618 5
707 141 9
707 949 6
707 551 10
707 721 8
707 686 8
708 15 2
708 496 4
708 941 1
708 685 6
708 173 6
708 861 7
708 206 1
708 951 10
708 46 2
708 968 9
708 919 3
709 912 3
710 476 3
710 859 8
710 791 3
710 911 8
711 750 10
711 679 1
711 958 7
711 506 9
711 923 10
711 290 7
711 245 4
712 847 7
712 125 1
712 915 7
712 703 6
712 871 10
712 313 8
712 788 8
712 26 9
712 924 4
713 749 2
713 741 6
713 843 6
713 832 2
713 414 6
713 670 2
714 923 4
714 908 1
714 529 10
714 837 4
714 949 5
715 863 4
715 312 9
715 737 4
715 355 5
715 718 10
715 479 5
715 832 2
715 373 5
716 503 4
716 205 4
716 786 2
716 762 1
716 872 6
716 144 4
717 106 9
717 914 7
717 862 9
717 444 8
717 166 6
717 283 7
717 86 9
717 542 8
717 929 6
719 281 8
719 453 1
719 864 1
719 107 9
720 55 7
720 25 3
720 222 9
720 857 5
720 100 3
720 635 9
720 577 10
720 610 2
720 229 6
720 116 10
720 788 9
720 752 4
722 776 2
722 760 4
722 883 10
722 244 5
722 575 6
722 531 6
723 459 4
723 912 4
723 680 6
723 765 2
723 99 10
723 622 2
723 698 6
723 441 9
723 57 8
723 152 1
724 983 9
724 632 1
724 185 1
724 49 7
724 972 10
724 742 1
724 267 7
724 694 2
724 616 7
724 479 10
724 818 9
724 785 5
724 313 6
725 915 8
725 324 7
725 565 9
725 843 3
725 341 7
726 963 2
726 822 9
727 570 1
727 494 5
727 431 8
727 618 5
727 996 9
727 583 6
727 606 1
728 971 1
728 700 8
728 622 9
728 699 2
728 390 9
728 213 2
728 331 3
728 461 6
729 778 3
729 870 6
729 75 4
729 594 6
729 798 4
729 995 7
729 616 2
729 346 5
729 876 3
729 186 5
729 894 10
729 386 3
729 719 2
730 558 2
730 547 1
730 609 2
730 394 10
730 555 4
730 506 2
730 204 9
730 677 10
731 748 1
731 293 6
731 265 7
731 239 6
731 877 10
731 324 10
731 395 3
731 797 2
731 307 6
731 423 8
732 230 4
732 479 9
732 445 7
732 822 4
732 638 4
733 807 9
733 68 6
733 365 8
733 494 9
733 980 8
733 621 6
733 921 6
734 878 7
734 603 10
734 915 1
734 572 7
735 769 8
735 803 1
735 565 3
735 61 4
735 878 7
735 43 10
735 636 5
735 756 10
735 673 7
735 609 5
735 626 5
735 546 10
735 831 9
735 455 9
736 733 3
736 477 2
736 388 8
736 90 3
736 359 10
736 969 5
736 806 7
736 352 10
737 495 8
737 648 10
737 395 2
737 793 10
737 892 4
737 245 10
738 766 1
738 252 2
738 780 3
739 851 4
739 703 5
739 889 4
739 665 5
739 982 7
739 938 10
739 293 10
739 109 2
739 918 3
739 872 10
739 776 8
740 1000 9
740 906 6
741 618 7
741 82 8
741 678 7
741 995 4
741 680 4
741 982 4
742 324 9
742 871 3
742 945 10
742 732 9
742 230 5
743 654 10
743 159 4
743 722 10
743 894 5
743 639 2
743 45 1
743 528 10
743 214 4
744 828 9
744 958 2
744 875 6
744 303 8
744 84 3
744 994 8
744 933 2
744 387 3
744 742 8
744 145 3
744 732 9
745 500 8
745 582 5
745 800 8
745 314 8
745 293 5
745 470 3
745 939 10
745 613 3
745 171 1
745 205 6
745 553 8
746 624 2
747 487 10
747 223 6
747 543 8
747 773 2
747 462 5
748 531 6
748 746 5
749 773 4
749 289 10
749 693 2
749 911 1
750 581 4
750 455 6
750 330 8
750 684 10
750 540 1
751 775 10
752 804 2
752 631 8
752 967 7
752 649 7
752 398 2
752 865 9
752 563 7
752 938 1
752 756 8
752 509 1
752 845 2
752 605 1
752 901 2
752 928 6
753 960 2
753 283 6
754 843 10
754 924 3
754 907 5
754 825 3
754 159 7
754 752 2
754 495 9
755 856 4
755 961 7
755 310 3
755 511 9
755 540 3
755 413 1
755 615 2
755 740 8
755 921 2
755 991 5
756 594 9
757 255 1
757 80 2
757 790 5
758 659 6
758 107 6
758 388 10
758 413 3
758 587 6
759 500 2
759 493 9
760 477 6
760 356 8
760 578 9
761 695 8
761 645 8
761 674 10
761 359 3
761 584 3
761 136 6
761 494 9
761 671 10
762 978 10
762 136 4
762 663 1
762 900 7
762 153 7
762 534 2
763 646 2
763 850 8
763 437 7
763 995 8
763 901 6
763 883 3
763 388 3
763 328 3
763 866 10
764 912 10
764 85 5
764 831 9
764 634 2
764 415 8
764 673 10
764 941 8
764 615 9
765 686 10
765 693 10
765 423 2
765 409 6
765 487 3
765 617 6
765 961 4
765 572 1
766 710 2
766 894 2
766 982 7
766 963 2
766 413 7
766 638 3
767 795 2
767 301 3
767 726 8
767 850 5
767 678 9
767 186 3
767 90 7
767 257 1
767 130 3
767 326 3
768 801 6
768 813 10
768 463 5
768 663 9
768 513 10
768 466 6
768 996 2
768 373 5
768 321 7
768 623 7
768 461 9
769 890 10
769 238 4
769 332 2
769 878 4
769 997 1
769 377 1
769 317 3
769 653 4
769 169 8
769 676 8
769 545 10
770 779 10
770 244 6
770 500 3
770 692 10
770 956 5
770 758 3
770 527 8
771 409 6
771 854 2
771 569 1
772 797 6
772 766 3
773 815 7
773 734 6
774 870 9
774 807 8
774 595 5
776 862 8
776 103 2
777 794 3
777 631 9
777 483 10
777 144 3
777 858 6
777 583 6
777 356 3
777 579 6
777 810 3
777 601 10
778 932 7
778 605 2
778 229 7
778 621 6
778 846 3
778 99 9
778 124 2
778 870 10
778 576 8
779 518 9
779 647 10
779 57 7
779 578 6
779 971 7
779 333 7
780 680 7
780 921 8
781 928 4
781 49 1
782 917 4
782 622 6
782 284 7
782 583 7
782 273 10
782 441 9
782 479 7
782 705 6
782 613 1
782 659 8
783 691 10
784 918 7
784 462 4
784 395 1
784 562 2
784 479 8
785 932 6
785 117 3
785 895 5
785 649 9
785 929 3
785 823 1
785 316 3
785 859 3
785 273 7
785 371 7
785 534 1
785 279 7
785 390 8
785 49 2
785 565 8
785 658 3
785 160 4
785 892 6
785 107 7
785 379 1
786 939 7
786 903 6
786 124 1
786 49 8
786 394 2
786 940 1
786 617 4
786 491 3
786 361 1
786 680 5
786 626 4
787 562 8
787 852 6
787 771 10
787 773 2
788 918 5
789 855 3
789 883 3
789 802 8
789 585 6
789 859 1
789 389 6
789 740 10
790 314 7
790 356 5
790 145 7
790 760 6
790 394 9
791 972 6
791 551 10
791 908 9
791 686 6
792 500 2
792 976 9
792 668 3
792 923 6
792 604 10
792 431 5
792 324 4
793 265 7
793 980 4
794 622 2
794 819 3
794 679 2
794 82 10
795 920 3
795 142 1
795 357 1
795 559 6
795 732 8
795 121 2
795 101 10
795 960 6
796 239 3
796 295 9
796 153 7
796 626 9
796 491 8
796 784 4
796 477 9
797 370 9
798 366 3
798 878 2
798 770 6
799 239 7
799 651 7
799 972 10
799 922 5
800 729 3
800 766 3
800 464 5
800 758 5
800 453 3
800 941 5
800 898 3
800 854 4
801 237 9
801 756 4
801 360 1
801 345 2
802 645 4
802 266 7
803 947 10
803 541 1
803 27 8
803 566 4
803 630 2
803 933 10
803 512 5
803 291 10
804 333 2
804 879 6
804 547 9
804 865 9
805 846 9
805 990 8
805 565 4
805 923 9
805 558 7
805 831 4
805 213 7
805 775 6
806 756 3
806 791 10
809 668 5
809 590 3
809 65 7
809 227 6
810 583 2
810 555 4
811 65 9
811 26 9
811 1000 5
811 547 9
811 742 10
811 538 7
811 914 1
811 408 4
812 897 7
812 917 3
812 810 5
812 733 1
812 900 3
812 722 1
812 531 6
813 825 9
813 975 4
813 695 10
813 706 4
813 693 1
813 286 2
813 349 1
813 99 10
813 900 5
813 998 1
813 710 2
813 913 6
813 130 4
813 771 4
813 492 1
813 616 4
813 884 9
814 279 6
814 431 8
814 220 2
814 461 10
814 941 1
814 623 9
814 804 7
814 943 3
814 378 10
814 882 5
815 945 7
816 56 1
816 39 7
816 866 7
816 888 9
816 993 5
816 604 2
816 857 2
816 319 3
816 610 10
816 725 1
816 85 9
816 334 6
816 547 3
816 981 10
816 751 1
817 973 7
817 146 1
817 692 10
817 527 7
817 1000 3
817 185 6
817 858 4
817 385 10
818 967 7
818 259 1
818 228 10
818 865 9
818 764 6
818 290 6
818 482 1
818 487 1
818 911 10
818 612 2
818 821 7
818 81 2
818 510 3
819 97 5
819 535 5
819 445 9
819 751 7
819 741 9
819 214 1
819 171 2
820 245 3
820 699 8
820 725 2
820 309 1
820 592 1
820 900 5
820 4 3
820 765 1
820 368 3
821 889 5
821 605 8
821 677 2
821 651 7
822 718 3
823 549 9
823 458 2
823 878 7
823 935 9
824 753 3
824 872 10
824 791 7
825 370 6
825 570 7
825 723 5
825 797 6
825 990 5
825 100 4
825 546 8
825 796 9
825 646 6
826 848 7
826 873 5
826 552 1
826 544 5
826 57 9
826 719 5
826 461 1
826 524 8
826 688 3
827 542 7
827 492 5
827 435 9
827 458 9
827 799 4
827 925 1
827 631 5
827 844 2
827 881 4
827 256 9
827 852 8
827 559 2
827 619 7
827 357 9
828 840 8
828 165 5
828 472 7
828 437 9
828 578 1
828 845 4
828 647 2
828 672 4
828 837 10
828 896 1
828 700 1
828 534 2
829 259 2
829 972 8
829 205 8
829 860 2
829 884 6
829 932 3
829 557 1
829 253 7
829 615 2
829 438 3
830 919 5
830 992 2
830 686 6
830 933 3
830 967 3
830 463 6
830 900 4
830 963 10
830 324 9
830 437 4
830 734 9
830 643 4
831 638 10
832 988 1
832 806 10
832 81 10
832 846 9
832 930 5
833 185 8
833 352 2
834 346 5
834 203 1
834 541 6
834 981 2
834 481 9
834 11 9
834 233 8
834 316 4
834 661 9
834 667 8
835 872 9
835 53 6
835 567 8
835 494 8
835 513 4
835 621 5
835 355 10
835 244 7
835 964 3
835 924 1
835 719 10
835 601 9
835 950 2
836 792 8
836 465 10
836 294 4
836 878 6
836 812 1
836 319 6
837 677 6
837 987 7
837 878 10
837 962 6
838 318 9
838 102 1
838 852 4
838 697 8
838 992 1
838 142 1
838 733 2
838 617 5
838 943 6
838 19 6
838 510 2
839 934 5
839 489 9
839 657 9
839 390 4
839 613 9
839 882 6
839 973 6
839 147 9
839 737 3
839 956 3
839 732 5
839 594 9
839 44 6
840 154 9
840 779 9
840 608 9
840 945 7
840 962 6
840 81 6
840 765 4
840 932 1
840 534 7
840 725 8
840 912 5
840 600 4
840 737 5
841 538 2
841 709 2
841 633 9
842 931 6
842 250 7
842 487 5
842 890 1
842 787 10
842 9 1
842 50 4
842 248 7
843 395 1
843 686 9
843 245 2
844 385 7
844 341 9
844 943 1
844 679 3
844 477 1
844 942 3
844 843 10
844 576 3
844 394 9
845 266 2
845 638 8
846 121 5
846 390 2
846 756 3
846 751 7
847 875 2
847 219 7
847 706 9
847 389 9
847 447 7
847 586 6
847 695 9
847 682 7
847 107 10
847 355 3
847 880 3
847 412 3
847 309 7
848 918 1
848 753 7
848 989 4
848 680 9
849 786 2
849 355 5
849 535 2
849 753 2
849 939 6
849 649 8
849 408 8
849 555 2
849 736 10
849 884 9
849 576 3
849 812 1
849 400 6
849 462 2
850 781 4
850 594 9
850 619 9
850 663 10
850 266 6
850 741 9
851 727 8
851 146 8
851 305 10
851 941 8
851 703 5
851 750 9
852 968 9
852 980 5
852 788 5
853 678 9
853 388 6
853 317 1
853 901 1
854 113 2
854 810 8
854 498 4
854 49 10
855 818 1
855 253 9
855 812 1
855 220 3
855 549 6
855 902 1
855 833 6
855 619 6
855 914 4
855 910 1
856 891 1
856 239 6
856 698 9
856 73 1
856 107 1
856 802 5
856 906 7
856 701 9
856 718 3
856 549 2
856 714 6
856 918 3
857 924 6
857 477 6
857 659 9
857 859 6
857 458 4
857 759 3
857 516 1
858 244 9
858 516 8
858 775 10
858 331 6
858 384 1
858 686 4
858 951 7
859 265 10
859 535 5
859 912 1
860 815 7
860 502 5
860 466 4
860 493 4
861 888 7
861 947 3
861 984 10
861 261 7
861 82 2
861 906 6
861 362 9
861 272 9
861 188 6
861 390 1
861 920 1
861 86 3
861 872 7
861 807 7
861 759 9
862 756 10
862 945 8
862 463 8
862 995 9
862 985 8
863 945 1
863 848 9
863 464 10
863 639 8
863 843 1
863 852 1
864 981 5
864 914 2
865 245 7
865 462 9
865 852 1
865 603 2
865 889 10
865 908 2
866 361 3
866 878 6
867 181 4
867 441 6
867 370 3
867 694 8
867 430 3
867 851 1
867 113 5
867 944 10
867 943 10
867 374 7
867 237 1
867 974 3
867 604 4
867 929 5
867 663 4
867 122 2
867 259 8
868 32 3
868 700 2
868 49 2
868 106 6
868 364 9
868 782 7
868 61 6
868 519 5
869 839 3
869 133 10
869 204 9
869 459 7
869 456 1
869 807 1
869 994 3
869 317 3
869 572 4
869 853 3
869 491 8
869 935 6
869 998 4
869 213 10
869 716 8
869 408 2
869 556 6
870 300 4
870 223 3
870 682 9
870 535 5
870 423 8
870 656 4
870 915 3
871 265 6
871 288 1
872 901 10
872 749 1
872 942 5
872 562 1
872 548 7
872 797 9
872 321 5
872 657 7
872 423 7
873 546 10
873 53 2
873 45 1
873 726 1
873 124 7
873 27 8
873 229 3
874 461 3
874 546 4
874 912 5
874 502 4
874 497 9
874 168 6
874 649 8
874 27 6
875 973 4
875 333 3
875 792 8
875 661 10
875 103 9
875 958 5
875 741 8
875 356 3
876 411 8
876 817 2
876 186 10
876 581 8
876 88 9
876 903 2
876 332 5
876 713 9
877 701 4
877 994 5
877 797 6
877 606 1
878 400 10
878 721 5
879 808 2
879 53 10
879 854 1
880 910 6
880 501 6
880 447 1
880 255 9
880 130 3
880 651 3
881 959 10
881 400 9
881 535 5
881 971 7
881 845 7
882 90 1
882 463 4
883 324 8
883 463 4
883 624 7
883 413 6
883 684 7
883 288 10
883 556 6
883 967 10
884 887 7
884 951 10
885 242 3
885 581 7
885 360 5
885 880 10
885 644 8
885 692 9
885 554 1
885 643 8
885 542 9
885 845 8
886 583 4
886 981 7
886 325 3
886 608 10
886 440 2
886 44 4
886 914 1
886 451 7
886 487 2
886 124 10
886 68 8
886 334 8
886 903 6
886 305 8
886 815 1
886 319 10
886 881 4
886 939 9
887 373 5
887 428 2
887 624 2
888 360 10
888 956 2
888 846 9
888 542 1
888 188 9
888 367 6
889 345 7
889 385 4
889 912 7
889 618 5
889 696 2
890 515 3
890 533 8
890 86 10
890 883 7
890 105 6
890 705 2
890 458 6
890 447 2
890 627 8
890 764 4
891 433 3
891 933 10
891 481 1
891 782 4
891 691 7
891 948 5
891 821 1
891 759 7
892 581 5
892 990 5
893 261 10
893 909 5
893 185 3
893 360 6
893 255 3
893 501 4
893 864 7
893 857 3
893 831 1
893 888 1
894 286 2
894 401 1
894 367 5
895 869 5
895 902 3
895 49 4
895 745 6
895 609 7
895 651 9
895 187 4
895 690 3
895 491 1
895 694 9
895 955 9
897 233 9
897 857 9
897 913 1
897 793 5
897 889 4
897 153 2
897 852 3
897 373 8
897 684 7
898 246 2
898 361 2
898 323 5
898 505 3
898 665 4
898 863 7
898 696 7
898 417 10
898 746 4
898 684 4
899 601 6
899 805 9
899 479 1
900 993 7
900 976 10
900 901 3
900 741 6
900 561 9
900 819 7
900 365 2
900 854 7
900 633 10
900 148 5
900 581 5
901 896 8
901 290 1
902 823 1
902 713 6
902 331 2
902 516 8
902 639 5
903 979 7
903 999 9
903 747 1
903 353 5
903 538 8
903 873 10
903 850 5
903 516 2
903 229 9
903 500 10
904 866 6
904 738 10
904 850 9
904 678 8
905 373 2
905 881 6
905 994 7
905 97 6
905 27 5
905 950 6
905 936 7
905 130 1
905 682 7
905 366 8
906 878 9
906 352 10
907 939 9
907 370 3
907 310 6
907 651 1
907 960 2
908 478 4
908 479 5
908 631 8
909 970 3
909 637 9
909 429 8
909 237 6
909 408 3
909 226 6
909 556 10
909 775 2
909 624 2
909 645 3
910 728 10
910 998 10
910 549 5
910 643 10
910 283 3
910 1000 5
911 605 4
911 644 3
911 286 7
911 734 10
912 551 9
912 620 6
912 726 8
913 665 3
913 935 9
913 204 1
913 392 6
913 121 7
913 413 2
913 352 3
913 634 6
915 956 3
915 746 7
915 594 6
915 967 7
916 786 9
916 675 1
916 592 10
916 796 8
916 102 3
916 759 10
916 784 5
916 826 4
916 62 5
916 711 8
916 700 2
916 627 7
916 458 1
916 519 5
916 109 5
916 189 7
916 771 10
916 534 5
917 725 7
917 365 8
917 168 3
917 103 4
917 144 1
917 997 2
918 837 7
918 546 8
918 388 1
919 908 10
919 968 6
919 930 9
919 81 6
919 693 9
920 158 8
920 844 10
920 345 7
920 531 4
920 666 7
920 555 5
920 739 1
920 704 10
920 365 9
920 255 9
922 321 4
922 854 3
922 943 9
922 906 2
922 726 1
923 497 3
923 852 7
923 982 3
923 760 7
924 903 7
924 930 1
924 877 8
924 306 9
924 671 5
925 976 3
925 548 10
925 53 9
925 906 5
925 750 6
925 790 7
925 852 8
925 296 8
925 700 1
925 672 8
925 481 8
926 751 10
927 721 6
928 542 10
928 185 8
928 751 2
928 797 5
929 975 3
929 963 8
929 235 4
929 696 2
929 710 2
929 901 10
929 766 10
929 463 7
930 783 8
930 753 10
930 993 7
930 688 4
930 364 7
931 342 7
931 291 8
931 649 2
931 480 3
931 27 8
931 94 2
931 298 4
931 632 7
931 542 1
931 579 7
931 147 7
931 456 4
931 598 7
932 613 9
932 327 1
932 307 5
932 453 9
933 887 8
933 705 4
933 498 4
933 753 7
933 679 2
933 300 7
934 955 3
934 143 8
934 942 8
934 349 7
934 172 1
934 388 9
934 239 10
934 759 5
934 763 10
934 481 1
934 292 9
934 610 5
934 503 5
934 489 2
934 137 9
935 1000 5
935 525 8
935 316 6
935 630 5
936 159 4
936 935 3
936 718 2
936 592 10
936 879 8
936 440 6
936 665 6
936 691 3
936 771 6
936 938 5
937 354 5
937 542 8
937 384 4
937 459 10
937 683 7
937 65 3
937 295 8
938 999 4
938 822 1
938 696 10
938 810 8
939 806 10
939 911 3
939 378 9
939 837 8
939 361 1
940 935 4
940 578 5
940 413 4
940 226 3
940 857 7
940 693 5
940 480 2
940 992 3
940 772 4
940 168 10
941 390 8
941 103 2
942 1000 2
942 204 10
942 746 7
942 630 2
942 476 8
942 506 1
943 921 7
944 200 10
944 478 5
944 584 2
944 450 7
944 717 3
944 477 3
944 486 6
944 249 7
944 712 9
944 957 3
944 631 10
944 526 5
944 421 10
945 896 4
945 775 9
946 642 4
946 877 3
946 933 6
946 674 6
946 794 3
946 673 7
947 892 1
947 43 6
947 773 6
947 982 4
947 505 1
947 565 2
947 932 5
947 416 9
947 486 5
947 167 7
947 758 6
948 864 1
948 472 8
948 49 2
948 288 3
949 882 9
950 346 4
950 310 2
950 739 9
950 768 7
950 900 8
950 875 1
950 586 4
950 813 7
951 113 9
951 746 9
951 871 8
951 972 4
952 60 10
952 710 1
952 849 2
952 352 10
952 242 7
952 451 3
952 906 7
953 136 10
953 62 6
953 988 10
953 409 6
953 723 2
953 680 9
953 855 8
953 378 8
954 124 10
954 453 1
954 841 7
954 714 2
955 814 7
955 81 3
955 344 10
955 947 4
955 990 5
956 791 4
956 290 10
957 329 2
957 100 3
957 213 2
957 954 6
957 671 5
957 677 4
958 663 5
958 288 6
958 562 7
958 718 2
958 670 1
959 830 8
959 540 4
959 256 9
959 860 5
959 849 8
959 736 3
959 877 7
960 252 8
960 696 4
960 982 1
960 546 6
960 345 1
960 740 2
960 990 7
961 742 3
961 359 6
961 686 1
961 460 7
961 516 1
961 912 9
961 921 5
961 562 1
961 81 8
961 740 6
961 479 7
961 994 7
962 914 9
964 670 3
964 926 9
964 783 9
964 972 6
965 612 5
965 269 3
965 437 2
965 214 5
965 458 6
965 623 2
965 204 10
965 574 5
965 930 9
966 537 8
966 780 8
966 160 6
966 354 6
966 447 6
966 398 5
966 125 6
966 257 6
966 882 4
966 491 9
968 967 2
968 618 9
969 624 6
969 656 2
969 527 10
970 629 10
970 412 6
970 39 8
970 307 4
970 27 1
970 81 8
970 330 8
970 600 2
970 852 8
970 551 1
970 328 9
970 982 1
970 924 10
970 789 10
970 296 7
970 355 1
971 787 7
971 494 2
971 912 7
971 926 6
971 683 9
971 609 2
972 963 5
973 770 4
973 223 10
973 792 10
973 145 1
973 797 9
973 721 3
973 696 4
973 362 8
974 554 3
974 261 2
974 906 7
974 608 8
974 894 10
974 463 10
975 892 2
975 699 7
975 845 8
975 414 4
975 340 8
975 889 5
976 714 2
976 798 4
976 608 10
976 850 1
976 927 5
976 823 10
976 374 4
977 744 6
977 31 3
977 954 9
977 568 4
977 655 4
977 564 8
977 460 10
977 848 6
977 956 3
977 506 9
977 799 10
977 286 10
977 733 3
978 276 1
978 451 2
978 968 7
978 431 9
978 874 3
978 766 3
978 204 6
979 548 8
979 543 8
979 428 4
979 872 5
979 626 10
980 49 2
981 364 6
981 901 5
981 815 10
982 906 2
983 869 9
983 756 1
983 587 3
983 588 10
983 364 3
983 705 5
983 408 1
983 165 7
983 168 1
983 428 10
984 905 4
984 778 1
984 983 1
984 472 4
984 411 10
984 408 5
984 415 7
984 639 9
984 297 8
984 371 7
985 295 6
986 853 6
986 483 6
986 32 5
986 316 7
986 672 7
986 969 5
986 90 2
986 169 8
986 564 5
986 987 9
986 836 6
986 925 7
986 362 9
986 397 4
986 334 4
986 936 5
987 107 1
987 906 9
988 954 7
988 548 10
988 538 10
988 788 9
988 941 9
988 331 7
988 562 3
989 373 8
989 186 3
989 546 1
989 699 1
989 946 8
989 673 6
989 963 1
989 807 6
989 367 3
989 578 6
991 897 5
991 438 7
991 626 9
991 510 1
992 230 1
992 385 1
992 723 3
992 853 9
992 927 7
993 630 6
993 882 7
993 995 9
993 831 9
993 726 1
993 437 1
993 214 4
993 620 9
994 968 4
994 476 8
995 359 10
995 810 3
996 759 5
996 982 3
996 392 2
996 345 6
996 235 2
996 841 9
997 689 2
997 906 8
997 146 6
998 644 3
998 363 5
998 84 8
998 90 7
998 368 9
998 810 10
999 291 5
999 306 5
999 773 9
999 389 9
999 633 3
999 286 1
1000 647 3
1000 822 9