1 17 6
2 36 2
3 6 8
4 36 7
5 42 1
6 29 9
7 15 2
8 40 2
9 35 5
10 29 10
11 36 9
12 34 10
13 35 1
14 41 7
15 31 4
16 27 9
17 22 5
18 28 2
19 38 5
20 27 3
21 36 1
22 39 2
23 43 7
24 37 7
25 41 6
26 46 1
27 43 10
28 47 8
29 34 2
30 34 7
31 32 6
32 33 4
33 41 7
34 44 2
35 37 10
36 40 4
37 44 5
38 47 5
39 50 6
40 42 9
41 43 9
42 47 6
43 48 7
44 45 7
45 48 3
46 47 4
47 48 1
48 49 9
49 50 2
2 1 6
4 2 3
6 4 3
8 2 5
10 3 4
12 10 2
14 12 2
16 14 6
18 12 4
20 6 8
22 7 9
24 20 4
26 24 4
28 23 8
30 11 2
32 25 1
38 1 9
42 9 5
46 42 7
47 23 7
18 17 8
5 37 5
19 28 1
25 41 6
42 13 5
15 35 1
32 11 7
27 11 2
24 1 5
23 48 6
17 46 10
1 45 10
35 23 2
17 36 6
30 28 3
4 11 10
46 25 10
21 42 10
33 25 6
22 41 10
24 22 10
5 45 9
30 42 5
31 9 9
24 47 2
46 32 10
40 49 10
25 13 1
18 24 7
8 25 6
26 36 7
8 30 7
27 39 3
20 3 2
14 4 4
34 35 3
3 4 9
15 50 3
34 22 7
40 49 5
21 5 8
27 4 5
36 47 8
2 36 2
29 22 8
36 47 1
19 37 7
21 31 8
2 13 4
25 36 8
39 23 7
2 29 7
12 11 9
46 40 3
3 21 3
39 33 2
3 5 5
27 6 3
20 25 2
3 41 8
14 13 2
1 39 4
14 50 4
2 19 3
28 1 1
12 11 5
5 38 7
22 46 5
42 47 10
29 5 6
23 50 3
28 25 10
45 48 2
17 34 3
18 4 2
28 42 10
34 49 1
3 37 3
6 45 9
4 31 7
12 45 5
18 16 7
18 6 1
19 31 2
32 36 9
43 50 3
20 10 2
28 38 2
40 13 9
31 41 9
17 49 7
5 33 3
22 40 4
4 50 9
19 33 6
27 15 6
42 48 2
40 47 7
18 49 7
11 41 1
16 8 4
45 47 10
13 45 7
21 5 4
21 46 2
38 49 2
12 49 8
16 36 4
23 49 6
20 15 7
18 49 10
24 42 9
17 44 2
6 37 6
38 32 8
21 4 5
9 43 7
24 50 7
26 22 6
4 42 3
8 12 8
26 1 10
16 23 1
22 7 2
21 50 9
16 30 1
14 45 8
29 13 10
29 7 1
33 41 8
21 22 6
10 5 4
16 34 10
16 4 1
10 4 1
1 32 5
24 9 1