1 76 7
2 29 9
3 30 8
4 75 8
5 97 5
6 32 10
7 68 6
8 16 7
9 48 5
10 21 9
11 21 7
12 100 10
13 98 3
14 78 3
15 26 2
16 96 8
17 61 2
18 87 4
19 66 5
20 94 1
21 59 2
22 37 8
23 88 4
24 88 2
25 88 4
26 73 3
27 55 2
28 58 8
29 47 4
30 70 1
31 87 7
32 65 10
33 67 5
34 80 9
35 84 6
36 68 3
37 79 7
38 62 2
39 56 2
40 65 7
41 75 4
42 58 4
43 69 4
44 67 2
45 82 8
46 66 7
47 53 8
48 62 1
49 82 7
50 88 3
51 84 2
52 55 10
53 86 2
54 86 2
55 95 1
56 96 10
57 91 8
58 67 6
59 64 3
60 68 8
61 87 1
62 85 10
63 93 2
64 80 5
65 93 4
66 97 7
67 96 9
68 70 4
69 88 9
70 91 10
71 73 6
72 88 5
73 82 6
74 77 3
75 79 7
76 89 3
77 78 1
78 93 6
79 87 7
80 87 1
81 89 1
82 97 6
83 84 5
84 92 4
85 100 9
86 87 4
87 92 3
88 89 4
89 95 7
90 96 7
91 98 1
92 93 10
93 94 2
94 97 7
95 97 5
96 97 4
97 98 7
98 100 3
99 100 5
4 1 6
8 6 5
10 5 3
12 1 1
14 13 1
18 16 9
20 15 1
22 15 8
24 11 5
26 16 1
28 27 4
30 15 1
32 11 3
34 28 8
36 34 4
38 10 8
40 25 2
42 19 1
44 27 1
46 15 6
48 6 1
50 10 5
52 9 7
54 52 8
56 8 9
58 30 6
60 57 4
62 33 1
66 35 6
68 30 4
70 67 9
72 8 4
74 35 10
76 52 7
80 53 2
82 61 3
84 34 2
88 59 10
90 43 2
46 64 7