1 276 4
2 217 10
3 48 4
4 9 5
5 150 9
6 48 2
7 234 4
8 122 1
9 45 10
10 55 3
11 183 6
12 244 2
13 144 2
14 276 10
15 225 2
16 96 8
17 239 8
18 103 8
19 208 7
20 196 4
21 117 5
22 105 8
23 216 6
24 208 2
25 112 8
26 211 5
27 148 10
28 92 7
29 167 7
30 81 8
31 273 1
32 258 8
33 240 4
34 174 10
35 220 4
36 102 8
37 106 9
38 283 7
39 258 7
40 195 3
41 212 6
42 295 10
43 244 7
44 171 2
45 98 7
46 111 4
47 288 8
48 195 6
49 238 2
50 250 6
51 184 10
52 279 1
53 106 9
54 185 2
55 186 2
56 138 5
57 268 4
58 171 9
59 92 2
60 271 4
61 235 7
62 221 8
63 177 4
64 217 5
65 105 5
66 234 9
67 276 8
68 259 8
69 110 1
70 177 4
71 98 4
72 259 6
73 286 9
74 220 9
75 78 9
76 296 4
77 257 5
78 218 4
79 265 5
80 113 1
81 201 10
82 206 8
83 200 2
84 87 3
85 275 10
86 143 5
87 263 2
88 296 9
89 210 5
90 97 2
91 118 6
92 249 9
93 145 5
94 190 1
95 185 8
96 216 5
97 186 5
98 269 8
99 137 1
100 101 6
101 191 4
102 281 5
103 182 9
104 275 4
105 270 8
106 164 7
107 161 2
108 206 7
109 233 1
110 230 10
111 224 3
112 225 2
113 156 1
114 149 8
115 257 6
116 161 2
117 241 4
118 142 5
119 190 5
120 205 5
121 231 5
122 269 1
123 141 1
124 241 6
125 146 1
126 228 4
127 164 4
128 224 2
129 229 1
130 276 7
131 208 4
132 179 5
133 178 4
134 204 4
135 170 9
136 267 7
137 293 1
138 211 9
139 268 8
140 191 1
141 200 3
142 295 4
143 171 2
144 239 9
145 162 4
146 252 6
147 211 9
148 173 2
149 206 4
150 246 10
151 152 2
152 190 8
153 181 10
154 181 7
155 170 2
156 289 10
157 194 4
158 285 10
159 274 5
160 270 8
161 194 9
162 262 10
163 274 2
164 244 10
165 189 3
166 222 2
167 173 8
168 207 8
169 230 6
170 285 8
171 245 1
172 206 10
173 228 10
174 264 4
175 289 1
176 291 6
177 255 5
178 247 8
179 279 6
180 221 2
181 292 2
182 205 8
183 287 4
184 190 4
185 226 3
186 274 10
187 221 1
188 195 6
189 206 6
190 192 7
191 224 1
192 198 4
193 234 10
194 289 6
195 266 8
196 218 10
197 241 2
198 228 10
199 218 2
200 282 7
201 292 9
202 265 5
203 231 5
204 293 4
205 238 3
206 238 4
207 222 10
208 211 10
209 252 4
210 294 4
211 265 8
212 293 2
213 231 7
214 279 9
215 246 7
216 279 7
217 231 5
218 244 2
219 258 1
220 258 9
221 248 4
222 269 4
223 229 10
224 270 5
225 300 10
226 270 8
227 290 8
228 237 6
229 285 10
230 270 10
231 264 7
232 289 8
233 287 6
234 266 4
235 284 7
236 263 3
237 259 9
238 253 2
239 286 4
240 253 6
241 296 5
242 255 5
243 273 6
244 269 10
245 300 4
246 264 7
247 294 9
248 276 9
249 285 9
250 263 1
251 286 6
252 266 7
253 257 1
254 276 2
255 260 2
256 274 5
257 283 4
258 291 1
259 268 1
260 264 6
261 287 9
262 297 4
263 286 5
264 289 7
265 286 2
266 277 4
267 283 7
268 279 5
269 296 3
270 290 10
271 276 9
272 290 7
273 296 6
274 289 8
275 296 1
276 291 3
277 297 5
278 298 5
279 287 5
280 286 1
281 299 10
282 296 9
283 295 2
284 296 6
285 287 4
286 294 3
287 289 5
288 300 4
289 298 2
290 299 5
291 295 5
292 300 1
293 298 2
294 298 2
295 298 10
296 299 4
297 299 2
298 300 1
299 300 7
2 1 8