1 6 1
2 14 7
3 8 10
4 20 5
5 32 8
6 20 10
7 38 6
8 50 3
9 37 9
10 21 7
11 16 9
12 40 5
13 37 7
14 19 8
15 18 5
16 27 5
17 38 9
18 29 1
19 23 2
20 48 8
21 31 2
22 26 5
23 34 5
24 45 6
25 32 2
26 39 9
27 28 10
28 29 10
29 33 2
30 44 1
31 35 6
32 44 1
33 38 10
34 46 10
35 43 7
36 37 9
37 42 3
38 47 5
39 48 1
40 46 7
41 49 6
42 48 2
43 48 5
44 46 3
45 49 8
46 49 1
47 48 9
48 49 10
49 50 5
4 2 8
8 7 7
10 7 10
12 11 10
14 9 9
16 9 7
18 10 2
20 7 5
22 6 3
24 23 10
26 18 10
28 14 8
30 1 6
32 7 7
36 24 8
38 24 1
40 23 10
42 22 6
44 6 9
1 45 2
10 40 10
15 7 1
27 39 4
7 31 6
8 7 1
14 42 7
44 4 6
13 3 1
42 3 5
47 24 5
39 41 7
40 7 3
18 45 6
37 1 4
16 43 5
19 33 9
11 9 5
16 21 8
19 49 6
27 46 9
40 39 4
27 17 8
15 25 10
2 11 9
32 37 6
36 35 2