1 73 1
2 82 6
3 99 1
4 84 9
5 35 2
6 59 7
7 82 3
8 83 9
9 55 6
10 38 9
11 36 1
12 97 2
13 35 5
14 95 9
15 37 7
16 42 7
17 40 5
18 34 9
19 39 5
20 77 8
21 32 9
22 73 10
23 24 9
24 34 1
25 48 1
26 99 9
27 84 4
28 38 5
29 47 4
30 60 1
31 67 10
32 97 5
33 71 4
34 87 7
35 39 7
36 63 8
37 40 7
38 68 9
39 69 9
40 66 9
41 60 9
42 67 5
43 58 2
44 68 8
45 100 8
46 88 3
47 52 6
48 92 4
49 75 10
50 85 8
51 97 2
52 100 6
53 82 2
54 58 1
55 76 2
56 86 10
57 86 7
58 68 10
59 65 4
60 83 10
61 96 7
62 97 3
63 74 5
64 99 9
65 69 2
66 76 2
67 88 5
68 85 3
69 96 8
70 94 8
71 88 6
72 89 4
73 81 1
74 76 1
75 99 5
76 81 3
77 91 3
78 89 7
79 82 8
80 95 8
81 86 10
82 96 2
83 91 8
84 88 9
85 95 4
86 94 1
87 94 2
88 94 10
89 93 1
90 94 5
91 94 7
92 97 8
93 95 9
94 95 2
95 98 7
96 100 1
97 98 8
98 100 3
99 100 6
4 2 6
6 4 9
10 8 2
12 1 9
14 8 6
18 16 10
20 7 7
22 19 2
24 7 2
26 21 5
28 10 6
30 15 2
32 2 6
34 13 6
36 22 5
38 17 8
42 13 1
44 24 9
46 26 8
48 11 7
50 38 10
52 46 6
54 35 7
56 41 3
58 18 8
60 59 6
62 39 9
64 33 7
66 11 7
68 47 7
70 59 2
72 15 5
74 1 3
76 67 3
78 73 4
80 55 1
82 65 7
84 17 4
90 50 9
92 20 2
96 49 2
28 59 5
70 83 2
49 100 9
10 89 3
31 39 10
47 95 9
44 10 5
63 32 5
24 37 1
83 49 8
31 54 9
63 20 2
79 82 10
14 16 7
37 38 5
33 7 4
14 92 2
84 76 7
41 53 4
57 56 3
87 13 8
71 79 3
15 21 7
59 34 7
88 62 1
25 60 6
9 52 10
21 59 1
55 5 5
66 97 1
88 92 9
15 82 1
83 19 3
8 37 9
58 40 6
65 13 5
43 90 3
33 20 10
3 25 2
10 66 4
89 74 6
48 16 7
44 58 2
10 53 8
8 56 4
70 51 3
36 93 9
51 66 1
51 37 2
56 96 4
70 49 2
62 75 1
14 4 6
27 79 5
49 77 9
85 9 6
61 69 3
54 33 3
33 94 10
39 69 8
26 79 10
84 46 5
48 36 2
12 65 8
90 87 4
10 46 7
46 42 1
33 12 8
30 59 3
51 39 8
78 97 1
47 16 2
73 76 1
90 81 1
10 62 5
15 53 2
19 73 4
64 41 6
53 69 4
80 57 8
78 82 3
38 76 4
78 4 2
44 16 3
17 56 5
3 29 4
25 86 5
84 39 9
51 44 7
14 6 8
9 45 10
89 6 4
30 73 3
64 38 10
45 49 6
83 22 7
38 71 3
30 69 9
42 53 9
80 42 1
10 18 5
44 31 6
24 1 10
24 29 8
61 60 6
15 66 3
37 85 5
79 95 9
28 26 1
85 96 9
33 89 4
53 88 3
51 96 8
89 40 4
4 100 7
50 28 8
83 63 6
72 89 3
3 26 5
21 34 5
93 85 6
28 10 1
54 57 5
79 100 5
91 98 2
29 81 3
11 88 5
82 39 5
63 62 9
9 76 5
15 74 8
95 99 1
42 76 6
62 34 7
78 62 1
2 59 8
4 35 1
24 52 7
39 77 6
81 79 9
60 91 3
1 77 10
78 45 5
51 83 8
22 45 4
61 91 2
29 57 1
15 95 8
30 72 4
38 39 7
51 23 4
9 100 9
27 92 3
4 22 5
86 35 10
44 81 3
37 39 10
68 97 10
2 91 4
43 60 4
10 78 2
30 31 5
2 81 8
48 98 6
50 69 10
66 52 2
19 74 7
81 97 7
89 26 7
64 81 4
19 65 10
33 59 5
15 71 3
35 69 2
45 21 5
29 6 6
4 87 9
18 37 9
27 82 7
71 67 7
47 52 2
59 65 2
6 12 10
74 5 7
52 67 1
25 4 7
81 49 7
58 11 6
14 46 5
70 57 7
7 95 4
41 21 1
86 69 10
33 48 1
33 3 5
86 35 4
1 85 5
81 69 10
23 94 7
37 69 8
21 53 4
86 7 7
31 62 2
19 77 5
56 45 6
31 39 5
43 85 4
23 10 4
59 65 1
44 48 5
26 7 2
17 67 9
70 69 3
86 20 2
54 68 7
26 81 7
71 76 7
54 91 4
40 46 3
56 61 2
57 5 6
50 61 10
24 10 10
4 61 1
45 99 9
70 32 4
3 13 1
61 22 6
44 17 3
31 9 1
28 48 4
80 31 9
3 15 6
24 74 10
92 95 10
63 9 5
44 78 6
50 24 1
7 77 8
89 63 4
53 59 2
54 17 3
25 86 10
14 41 9
71 77 10
60 99 8
48 56 2
90 49 4
54 57 8
90 30 1
68 66 5
8 88 4
3 74 2
30 70 7