1 269 6
2 371 10
3 18 3
4 354 2
5 7 1
6 105 10
7 292 9
8 344 4
9 259 8
10 214 2
11 226 6
12 195 3
13 54 9
14 259 10
15 252 1
16 276 2
17 204 4
18 304 2
19 358 6
20 378 9
21 163 2
22 241 9
23 158 4
24 381 2
25 238 1
26 142 10
27 111 1
28 96 9
29 297 3
30 263 2
31 394 8
32 386 2
33 63 7
34 224 7
35 150 4
36 186 3
37 336 8
38 94 10
39 80 8
40 232 5
41 380 5
42 385 8
43 295 9
44 61 6
45 323 6
46 386 8
47 356 7
48 135 10
49 86 1
50 399 10
51 60 3
52 270 1
53 154 2
54 60 4
55 192 9
56 204 4
57 167 1
58 331 2
59 65 1
60 227 2
61 89 3
62 350 3
63 220 5
64 268 8
65 327 7
66 242 3
67 206 7
68 386 7
69 125 3
70 250 5
71 208 1
72 273 6
73 207 9
74 239 5
75 320 9
76 95 3
77 250 10
78 326 6
79 375 4
80 203 9
81 400 9
82 192 5
83 382 4
84 185 5
85 322 2
86 145 8
87 123 4
88 119 9
89 108 3
90 247 9
91 249 4
92 190 9
93 123 9
94 262 9
95 368 8
96 269 2
97 175 10
98 333 6
99 102 8
100 171 5
101 302 7
102 249 9
103 333 2
104 276 10
105 349 2
106 256 5
107 334 1
108 248 8
109 185 2
110 188 10
111 232 7
112 219 9
113 284 3
114 292 7
115 188 4
116 119 1
117 119 2
118 293 9
119 348 3
120 237 1
121 274 4
122 337 6
123 138 6
124 302 6
125 181 10
126 178 10
127 326 9
128 268 6
129 230 4
130 367 5
131 148 10
132 264 1
133 155 10
134 257 10
135 189 4
136 204 2
137 330 10
138 151 1
139 217 9
140 281 9
141 180 1
142 374 9
143 276 10
144 170 4
145 218 8
146 315 7
147 334 8
148 159 4
149 166 3
150 302 5
151 332 4
152 277 10
153 261 8
154 264 3
155 354 1
156 395 8
157 193 2
158 239 2
159 310 3
160 189 6
161 364 3
162 188 9
163 292 6
164 178 9
165 389 3
166 254 4
167 266 10
168 322 5
169 210 1
170 310 8
171 237 3
172 188 7
173 339 6
174 260 5
175 248 5
176 336 5
177 292 10
178 268 3
179 334 9
180 321 3
181 315 1
182 272 8
183 238 3
184 306 5
185 258 6
186 337 6
187 291 1
188 319 3
189 245 10
190 326 10
191 283 1
192 336 7
193 290 2
194 206 8
195 276 4
196 360 4
197 322 4
198 334 2
199 228 8
200 347 6
201 224 3
202 277 4
203 330 7
204 321 9
205 277 6
206 314 6
207 386 2
208 347 1
209 382 5
210 308 2
211 378 7
212 351 10
213 350 1
214 262 8
215 400 10
216 314 3
217 323 8
218 274 4
219 260 4
220 345 7
221 294 7
222 293 3
223 328 9
224 265 9
225 338 5
226 396 2
227 392 5
228 279 2
229 257 5
230 344 1
231 367 10
232 287 1
233 288 3
234 342 2
235 336 9
236 292 4
237 286 4
238 388 1
239 320 2
240 371 3
241 395 5
242 357 6
243 299 6
244 258 1
245 286 3
246 276 2
247 383 1
248 316 4
249 344 3
250 335 2
251 274 7
252 305 10
253 333 2
254 352 9
255 334 9
256 343 5
257 392 9
258 276 7
259 368 9
260 360 7
261 327 9
262 340 1
263 326 5
264 305 2
265 311 10
266 383 8
267 272 8
268 380 7
269 344 9
270 394 8
271 293 8
272 400 2
273 348 8
274 276 10
275 290 7
276 300 7
277 307 1
278 281 5
279 321 3
280 317 2
281 294 4
282 320 10
283 341 9
284 400 5
285 326 8
286 374 1
287 295 7
288 386 2
289 377 6
290 356 2
291 360 6
292 332 10
293 305 8
294 368 2
295 323 8
296 350 3
297 354 3
298 329 1
299 365 5
300 374 1
301 377 3
302 344 7
303 330 5
304 340 4
305 398 4
306 323 3
307 316 5
308 354 3
309 361 9
310 376 10
311 355 9
312 400 4
313 352 8
314 392 5
315 372 4
316 386 2
317 345 3
318 400 4
319 395 1
320 379 8
321 385 10
322 353 9
323 345 3
324 379 6
325 356 9
326 399 8
327 380 8
328 340 3
329 368 3
330 364 7
331 381 6
332 336 7
333 397 10
334 353 6
335 394 1
336 378 10
337 380 6
338 386 2
339 360 10
340 395 5
341 343 6
342 372 5
343 365 6
344 390 4
345 391 7
346 348 6
347 371 10
348 387 8
349 364 8
350 396 3
351 352 4
352 384 4
353 374 3
354 392 8
355 378 9
356 397 6
357 381 5
358 399 7
359 364 9
360 373 10
361 393 5
362 386 10
363 375 2
364 376 7
365 376 3
366 391 1
367 372 10
368 396 4
369 380 9
370 387 2
371 394 1
372 377 8
373 392 2
374 375 10
375 393 8
376 389 2
377 395 5
378 387 9
379 386 2
380 391 10
381 392 4
382 399 7
383 384 10
384 390 8
385 386 5
386 399 9
387 396 5
388 391 2
389 396 8
390 395 7
391 392 2
392 395 10
393 397 10
394 399 6
395 399 1
396 397 6
397 398 5
398 399 8
399 400 7
4 2 1
6 1 5
8 5 9