1 19 2
2 32 7
3 48 7
4 30 1
5 7 9
6 8 8
7 31 6
8 46 1
9 36 2
10 44 6
11 17 1
12 41 8
13 18 1
14 19 8
15 36 2
16 25 4
17 49 3
18 31 3
19 40 6
20 24 2
21 49 10
22 23 3
23 37 8
24 30 7
25 26 1
26 39 3
27 43 10
28 45 3
29 48 1
30 35 8
31 34 4
32 41 5
33 38 2
34 37 2
35 47 1
36 37 3
37 49 9
38 49 2
39 50 4
40 41 3
41 42 5
42 49 8
43 47 1
44 49 1
45 47 3
46 50 4
47 49 9
48 50 4
49 50 7
4 3 1
6 4 6
8 1 6
10 4 6
12 5 4
14 13 3
16 15 5
18 6 8
20 18 2
22 12 8
24 19 1
26 11 8
28 7 1
30 7 8
32 10 3
36 13 7
38 4 5
40 21 6
44 30 10
46 7 3
44 25 7
38 17 6
40 17 6
43 10 2
46 49 10
42 29 4
11 48 7
13 2 8
16 2 3
21 43 3
36 17 9
17 49 7
16 3 6
45 40 9
33 5 9
36 33 6
47 34 1
42 17 8
25 46 6
40 39 2
29 27 5
8 32 2
13 8 6
33 43 7
22 23 7
45 9 9
23 12 3
15 32 7
33 24 4
44 34 2
45 50 5
22 14 8
28 6 10
25 38 5
27 21 3
28 42 7
16 1 10
15 28 8
13 25 6
1 37 4
12 49 4
32 31 4
36 47 9
23 32 6
9 49 9
41 21 10
33 19 6
8 11 6
14 31 2
31 48 7
8 50 5
18 6 1
29 27 3
46 7 1
20 38 4
17 39 1
24 3 3
4 37 2
15 11 4
28 42 2
36 21 5
13 39 1
36 1 1
41 25 9
16 15 10
41 27 9
6 39 5
32 31 7
46 5 9
8 49 10
32 50 2
2 8 10
22 36 4
27 30 2
42 50 9
1 11 6
13 32 2
28 26 9
34 50 9
36 40 10
32 41 8
29 27 8
2 8 8
15 44 9
36 46 7
22 29 6
32 48 5
30 47 2
4 34 10
43 48 1
20 46 8
45 21 7
27 48 9
45 20 10
8 48 7
3 46 9
39 34 5
20 21 10
25 49 3
19 7 7
4 37 5
1 3 1
46 50 5
13 31 1
22 31 1
40 48 4
15 8 10
4 3 3
32 38 2
27 26 3
24 10 3
26 49 5
14 20 8
29 25 5
23 15 9
20 27 9
32 38 4
28 38 8
27 49 9
12 14 10
21 48 1
32 30 7
14 44 2
24 32 3
7 39 2
7 37 10
21 11 8
22 4 6
43 37 9
6 17 4
33 24 3
1 46 4
45 47 1
33 43 8
19 46 1
29 7 6
24 35 7
10 46 9
23 14 2
6 17 5
43 39 2
41 47 5
2 40 6
31 50 5
14 18 5
28 39 9
8 34 9
16 7 7
18 1 6
16 22 5
8 1 6
29 10 10
45 4 10
24 1 3
2 43 1
25 4 9
18 10 3
42 27 3
16 40 1
10 48 2
8 37 4
32 41 9
6 50 8
20 6 10
9 49 8
38 39 8
30 37 2
9 44 8
8 37 5
16 19 3
41 30 3
44 38 5
45 4 3
13 11 10
28 36 10
23 49 10
22 20 3
38 31 9
15 1 7
33 46 1
25 50 10
45 11 3
2 5 10
29 50 4
15 11 9
42 37 10
6 30 8
12 46 7
36 37 10
23 36 6
35 47 9
12 2 10
8 32 6
7 11 3
15 2 9
15 45 1
26 4 1
32 31 1
29 5 6
12 34 6
22 48 4
3 37 8
27 49 6
8 31 3
2 35 8
9 25 8
24 4 3
33 40 8
13 34 2
42 43 6
20 18 1
41 31 2
14 1 8
22 32 8
41 34 10
6 10 8