1 37 5
2 16 7
3 30 9
4 21 2
5 48 10
6 46 5
7 30 1
8 30 1
9 43 7
10 17 9
11 38 8
12 21 6
13 36 1
14 40 8
15 27 8
16 38 1
17 28 1
18 44 8
19 20 1
20 47 6
21 32 2
22 46 1
23 28 2
24 31 2
25 41 4
26 41 6
27 30 1
28 29 8
29 44 5
30 32 1
31 47 9
32 47 4
33 44 9
34 36 6
35 36 6
36 46 6
37 39 10
38 44 10
39 43 5
40 43 2
41 47 3
42 50 5
43 47 2
44 47 6
45 46 2
46 48 7
47 48 5
48 50 7
49 50 6
4 3 5
6 5 2
8 2 2
10 6 7
12 5 8
14 8 9
16 4 3
18 3 4
20 18 10
22 15 4
24 22 5
26 21 5
30 12 7
34 12 7
36 6 1
38 6 10
40 7 4
42 21 3
46 17 9
26 2 2
30 35 9
13 4 3
46 1 8
25 36 6
2 10 9
14 39 10
3 38 2
34 9 5
8 17 3
40 33 4
29 42 5
4 29 7
4 35 4
18 43 10
25 4 10
26 35 8
31 20 4
23 22 8
8 45 6
44 32 3
36 9 1
14 19 10
24 33 10
24 41 3
4 36 4
2 7 8
31 20 7
19 47 2
15 10 10
27 17 6
13 16 8
7 12 1
45 40 6
43 29 8
19 38 8
27 49 8
15 38 5
36 5 2
25 32 4
8 29 2
25 22 9
26 50 2
27 29 2
27 33 8
7 6 5
40 5 7
39 48 7
4 21 9
7 42 6
20 2 5
15 9 2
22 43 1
3 36 10
8 50 10
19 18 8
12 1 6
35 44 1
24 38 10
2 12 6
9 50 4
4 38 6
34 20 2
23 12 2
39 9 6
23 9 6
49 43 2
7 46 8
15 43 10
13 20 8
4 9 5
49 43 8
19 6 10
49 50 7
25 34 1
23 39 5
45 10 10
26 7 3
31 41 1
27 34 1
43 48 1
1 32 5
16 10 2
20 1 7
25 37 1
4 10 9
7 29 2
39 48 1
21 41 8
37 9 8
38 12 7
45 32 1
8 33 6
20 28 10
7 39 9
22 27 2
4 46 3